Patient	SampleName	lymphocytes	m1macro	microgliamacro	granulocyte	endothelial	astrocytes	astrocytes2	oligodendrocytes	ependymal	neuron	Angiogenesis	Apoptosis	Cell_Cycle	Differentiation	DNA_damage	DNA_repair	EMT	Hypoxia	Inflammation	Invasion	Metastasis	Proliferation	Quiescence	Stemness
P260v1	P260	v1	-0.007009126	-0.053520888	-0.04833536	-0.027827666	0.009224159	0.002726556	0.037594218	-0.026009431	-0.061274681	0.076590617	-0.189340520437013	-0.231504175185067	0.713192745570683	-0.169234072077771	0.107037609379273	0.213557576996784	-0.146252370116527	-0.307962029672379	-0.371005621420413	-0.176155325380572	-0.193791653946381	-0.060251343013254	-0.147276693315316	-0.0352616335532142
P260v10	P260	v10	-0.015739036	-0.03563791	-0.034851543	-0.025580859	-0.061476731	-0.063223163	-0.082159905	-0.029150108	-0.068861674	-0.025423057	0.163017806565861	0.0540066549294999	1.90105559387887	-0.0141425748490606	0.674716350130348	1.07973220102221	0.150285759531084	-0.315097233891883	-0.265168601768399	0.161313436418862	0.0311362975617212	0.29478500280823	-0.0911614933333284	0.10007022583875
P260v11	P260	v11	-0.080354136	-0.053564725	-0.049702301	-0.031702065	0.161856791	0.103567974	0.190333145	0.011037348	-0.038168871	0.208263148	0.19926820581445	-0.0860986078479761	-0.542469878932226	0.125009652421337	-0.359482115190215	-0.580506868526965	-0.12475176712312	0.0661855805290191	-0.181994479636836	-0.270965591961872	-0.0917925579844514	-0.181744804497567	0.0766904510885043	0.0126905126324241
P260v12	P260	v12	-0.01061589	-0.053215339	-0.055955401	-0.032655702	-0.073647496	-0.065828733	-0.085570881	-0.046975265	-0.073440007	-0.014135488	0.0940110526385693	0.143181703721934	2.29009620713714	0.16900023781192	1.05819129714096	1.43058286957178	0.369995005429271	-0.16064504381851	-0.340459275939593	0.339197557357538	0.235319856860506	0.57497715061848	-0.0434681495147215	0.295795202908567
P260v13	P260	v13	0.016108211	-0.059269116	-0.066078312	-0.028447645	-0.06873073	-0.053636542	-0.086200964	-0.049191517	-0.074863913	-0.009241165	0.126984917357363	0.0604738269835367	1.99270005877973	0.127697174529887	0.905990884667759	1.22833228879213	0.307746505057139	-0.0358602266911233	-0.363579909580126	0.295560180735616	0.336356664256163	0.498504611201487	-0.050615623759421	0.302407430947298
P260v14	P260	v14	0.078977981	-0.061666828	-0.074315677	-0.028408514	-0.081921949	-0.04179149	-0.08568188	-0.049229428	-0.072878644	-0.00890933	-0.0300277700324868	0.0253674748921629	2.07469687971286	0.0953637935782008	0.909875247244919	1.24359530550234	0.10809077241353	-0.00642948258339358	-0.393555652270393	0.0927014595756192	0.0701459181737921	0.459740173365423	-0.0901888557951026	0.296853635195201
P260v15	P260	v15	-0.04940759	-0.053210715	-0.048285237	-0.029731333	0.088783425	0.04963825	0.124788698	0.012021069	-0.061797672	0.094628065	0.0708823700274621	-0.182826458700057	0.0489016617627945	-0.0222022366500815	-0.161407879281816	-0.277729258833857	-0.166365589490016	-0.0779740445799603	-0.228473781884777	-0.242238163781354	-0.106897592017266	-0.134870351236878	-0.0500617056960676	-0.00875521157882327
P260v17	P260	v17	-0.069294577	-0.05177034	-0.04418687	-0.030443229	0.059054979	0.081177173	0.119688862	0.038765588	-0.042701997	0.172573461	-0.228444250872939	-0.121397562102914	-0.487199630721198	-0.083790201409889	-0.362539018039229	-0.439367967324192	-0.313009877687326	-0.0847221043371013	-0.289839379981338	-0.326772694496554	-0.286623208354356	-0.332871601008471	-0.115504909517755	-0.0892184663199449
P260v18	P260	v18	0.022390709	-0.065540792	-0.077711111	-0.025970553	-0.066003571	-0.055180757	-0.082245342	-0.052403171	-0.049511427	-0.002838738	-0.0482859794874395	0.0380793358966564	2.01344430464285	0.0771393465858552	0.95084640329088	1.28356371308927	0.113742355412486	0.13804784313558	-0.412694448508134	0.156742953460602	0.0936810837063922	0.57416711359804	-0.118065908692999	0.320630034550323
P260v19	P260	v19	-0.00519504	-0.057307321	-0.062587755	-0.029479921	-0.034711395	-0.06294154	-0.082821401	-0.013223706	-0.076856663	-0.022953102	0.0533153804616557	0.0590876922118179	2.8415798643489	0.0472136772938328	1.1341273961919	1.60561023759964	0.293931271976316	-0.419754350927672	-0.405898220219426	0.320280329945974	0.110868178091581	0.583412984941592	-0.181819870130548	0.226222578826356
P260v2	P260	v2	-0.065081876	-0.049151979	-0.060655557	-0.030614355	-0.036364709	-0.036985701	-0.041678757	-0.021564324	-0.068809546	0.028737976	-0.0529102411716869	-0.103205172127809	1.59007494137704	-0.110080265927625	0.480597401139126	0.837058135732233	0.0274691684908007	-0.354684212168623	-0.373689188786362	-0.11429016957018	-0.157618169021619	0.130608055342578	-0.126155551876551	0.00414467665836579
P260v20	P260	v20	-0.027224595	-0.049380531	-0.043532813	-0.029079184	0.054025149	0.000594727	-0.015511337	0.076660475	-0.059302818	-0.009000367	-0.205965445494055	-0.282927791586417	0.753352570763215	-0.170975541064253	0.0689287618857564	0.179423831713808	-0.153541141263769	-0.348970693359995	-0.347497402500502	-0.14571743131691	-0.174427693391905	-0.0467266107178019	-0.0622438988899674	0.0255057842436433
P260v3	P260	v3	-0.009104652	-0.058062732	-0.060731443	-0.028364956	-0.031768853	-0.026571124	-0.032979039	-0.027603156	-0.070243224	0.049763385	-0.104778361067952	-0.176295565552242	1.25742955961266	-0.147096767917712	0.35607090075479	0.601233168518095	-0.0653974405070877	-0.363507955283041	-0.379564875689033	-0.077194277978369	-0.171009055290196	0.0783137284361524	-0.135790504260237	-0.0158635426886795
P260v4	P260	v4	-0.027920918	-0.054309764	-0.053763038	-0.032422101	-0.010582901	0.003542222	0.01109392	-0.019298346	-0.066615384	0.088955482	-0.140198281532571	-0.163663856302248	0.73762104753235	-0.136075717731299	0.0902732326503456	0.265768588141436	-0.114282173788053	-0.309020862380979	-0.350446493680005	-0.148244613255167	-0.190193852465098	-0.0451549420614375	-0.168719413292336	-0.0450430109701569
P260v5	P260	v5	-0.001078884	-0.054518643	-0.049130508	-0.029841924	0.001487923	0.000639289	0.029249812	-0.023942527	-0.067689322	0.067594387	0.00707042657662035	-0.204940142689347	0.742462536388126	-0.0884810104906153	0.115700544666541	0.185716414456113	-0.00885217041945998	-0.302803469473601	-0.334722178451156	-0.0323119651365631	-0.0971302244438299	-0.027029368044587	-0.136233130244204	-0.0423809817663978
P260v6	P260	v6	-0.032817182	-0.038419406	-0.050535597	-0.02696765	-0.04641635	-0.040580657	-0.056478961	-0.017128786	-0.072970579	0.011458961	-0.0448612934423777	-0.072595859451798	1.4338095065924	-0.0969491626216126	0.414124100887356	0.735091085341122	0.0137469486725585	-0.353093683664956	-0.328566528587977	-0.0121722337222356	-0.0832622444865821	0.135911226823101	-0.141386017580533	0.0107605089859486
P260v7	P260	v7	-0.062534757	-0.051883733	-0.054810302	-0.027766594	-0.028757521	-0.046944833	-0.061385073	-0.016094727	-0.072549035	-0.000389253	-0.0168888033728035	-0.0875730818193023	1.52089555032237	-0.0609496522868363	0.486449585155859	0.820389117947433	0.0221743270825079	-0.369300826268655	-0.354087071757209	-0.0689722298822848	-0.0740831363525397	0.153501210581019	-0.0874404274818218	0.0774077824452889
P260v8	P260	v8	-0.02503867	-0.037666236	-0.025514272	-0.024428675	-0.054914061	-0.057271759	-0.083385626	-0.028966248	-0.068480785	-0.026705886	0.0343817607806604	0.0332422388003868	1.94909183403779	-0.0634513696768265	0.705156486034703	1.13647182228041	0.135718613103759	-0.358732287691955	-0.264982511654502	0.0840859141701952	-0.0336255942178003	0.264632724760103	-0.0711889245943644	0.118006803910842
P260v9	P260	v9	-0.035256798	-0.042316799	-0.04633775	-0.02992496	-0.057714288	-0.058003395	-0.078908617	-0.031349973	-0.069700254	-0.021504758	0.0806155590764622	0.0532091330536966	1.92060624949831	-0.0428820224150209	0.711290368507939	1.1739507817971	0.136893506363969	-0.372886796875653	-0.332513806491391	0.107795241068378	-0.00745856840472337	0.248783205949619	-0.135113078193496	0.118427114734945
P300v1	P300	v1	-0.009577511	0.030163877	-0.005907435	-0.023307883	0.00180817	-0.017137786	0.035508439	-0.030256649	0.131594158	-0.01439597	-0.202691515129415	-0.219417579346682	-0.495426158171619	-0.114624905895515	-0.166587504019737	-0.215565490293352	-0.270959513478127	-0.25032039888932	0.0267585373600458	-0.307309922513685	-0.118639336413102	-0.0413628089685315	-0.0842984064010379	-0.135432153134928
P300v10	P300	v10	-0.03828424	-0.057245828	-0.034114367	-0.016289075	0.000463458	-0.034802155	0.012227916	-0.019482131	0.19441982	-0.029201567	-0.168476834058794	-0.148924661046201	-0.404372218807536	-0.138936691290106	-0.024717306473425	0.126528841628726	-0.278050421112016	-0.168563929218317	-0.044809470761498	-0.321399720885119	-0.220058698589671	-0.0108004585330374	0.0231047630966834	0.0232226786363092
P300v4	P300	v4	-0.00528534	-0.061735394	-0.053837704	-0.029309351	-0.000238397	0.055550477	0.089869153	-0.001940087	0.002352898	0.101487965	-0.290546436346665	-0.34446523189643	-0.40000274488383	-0.203459761893286	-0.240250891240689	-0.221216213068206	-0.394195498268449	-0.286340462312873	-0.336106043750867	-0.370100384902505	-0.347289610081089	-0.309388681831335	-0.226384229645496	-0.184026436827958
P300v5	P300	v5	-0.063930796	-0.050333802	-0.02512899	-0.009658383	0.008849344	-0.020536746	0.077144443	-0.041350629	0.104512639	-0.030589899	-0.171965475920142	-0.145646930670619	-0.469936268400304	-0.066527459764119	-0.115792486940033	-0.000636882066463612	-0.176742189344725	-0.180229941312719	-0.142076337733874	-0.324617632337825	-0.22638507282632	0.180221574981206	-0.163543361354169	-0.10431885085865
P300v6	P300	v6	-0.015206505	-0.059464368	-0.058152836	-0.030887781	0.073568654	0.039512279	0.113750432	-0.020798609	0.032386535	0.053700741	-0.212727116258798	-0.265212231997219	-0.462737623402291	-0.172649384295842	-0.21651160633072	-0.269135976163419	-0.349865130156057	-0.24464888669609	-0.318229358622361	-0.396654870934108	-0.298680683314801	-0.287308196250893	-0.237069842925316	-0.131137776877917
P300v7	P300	v7	0.046465951	-0.047078178	-0.014343639	-0.011872593	0.005031151	-0.00735476	0.054736972	-0.042711697	0.114360035	-0.037337273	-0.25598999297296	-0.191880122920013	-0.399377517053701	-0.179041339794008	0.0443379294824853	0.131407152612576	-0.320193370824541	-0.309051156947268	-0.234826383698971	-0.298807242193596	-0.253018091843247	-0.0300700691072124	-0.270807526155237	-0.0658312829625413
P300v8	P300	v8	-0.045704955	-0.038259732	-0.016406396	-0.014095739	0.07290139	-0.018917405	0.041834544	-0.025457888	0.275779808	-0.04160154	-0.226737986744226	-0.125625784057638	-0.486954452592077	-0.0657226450303441	-0.0279295383825359	0.0305730209372101	-0.29978405214375	-0.221671573616029	-0.0436365784195152	-0.342916881836658	-0.206824819116947	0.0300275795769232	-0.116191181388494	-0.013121448476878
P302v1	P302	v1	-0.035218949	-0.032662176	-0.048115452	-0.021037353	0.001634584	0.008532722	0.098866865	0.029464472	-0.042627524	0.035956131	-0.0782970482725239	-0.237064813128961	-0.474166449514409	-0.174921313171552	-0.319279503301858	-0.432500922222902	-0.228381025736276	-0.132604695757262	-0.259370145434289	-0.253497437630826	-0.202119067847677	-0.250754401436933	-0.209244311957359	-0.154111819552819
P302v2	P302	v2	-0.037860034	-0.030026278	-0.06138588	0.019769196	0.005924472	-0.054970612	0.073205988	-0.046531503	-0.049623175	0.006093045	-0.0704381163714703	-0.220279853771942	-0.287535913573736	-0.138584076731007	-0.0694329509513184	-0.0210161582628124	-0.228071080534376	-0.171443079310536	-0.334688915483338	-0.251085736378783	-0.174963722663743	-0.128830033169586	-0.274918736364811	-0.0911192175811122
P302v4	P302	v4	-0.069945455	-0.026145496	-0.038286863	-0.013679162	-0.007383704	-0.054802744	0.136305123	-0.019064383	-0.040047285	-0.008494564	0.0434025666102904	-0.0982922531094575	-0.339493385181694	-0.10262112811838	-0.191737757042018	-0.177924460917339	-0.0965933333537969	0.0933598928954015	-0.175023933497786	-0.0912119273436117	-0.0888315611629339	-0.117223935300795	-0.213463553190975	-0.161245359226041
P302v5	P302	v5	0.038359077	-0.036916085	-0.06811535	-0.004027785	0.080442907	-0.03765586	0.032987796	-0.039074452	-0.060743347	0.006344656	0.0440302175430851	-0.259838614311065	-0.0998312422605582	-0.222143278407348	-0.0230016214073873	0.0168756167815704	-0.201194838210187	-0.247317700544573	-0.351267839623363	-0.160878047271856	-0.148292859646088	-0.0481070094218034	-0.239236185936782	-0.0352920498073479
P302v6	P302	v6	-0.042798103	-0.027894483	-0.044827611	0.042836009	0.020680159	-0.060862492	0.094605183	-0.045254609	-0.049073146	-0.000510694	0.130876599134328	-0.114608967040772	-0.305861881335916	-0.0741187988709836	-0.152291238918479	-0.0953286250852488	-0.0361314039199575	0.0208306616797197	-0.213590692826243	-0.0361537900081257	-0.0721256402396955	-0.0406209700740526	-0.158587295962002	-0.0570428038559052
P302v9	P302	v9	-0.058502506	-0.028962323	-0.056099301	0.009169894	0.030143444	-0.063314296	0.108136449	-0.042462321	-0.039453548	-0.000742219	0.102103484059929	-0.161537910589903	-0.280219007097078	-0.0791734892806484	-0.152282463903174	-0.104113878797702	-0.0878340612011547	-0.0803129700244272	-0.26526992048746	-0.119721434467112	-0.100164750594799	-0.100359335276376	-0.235964571423121	-0.0847195090170194
P303v1	P303	v1	0.223268453	-0.045616652	-0.039891102	-0.020838844	0.038804927	0.010881938	-0.031862494	-0.039158314	0.037007124	-0.005072827	-0.195471236965274	-0.0200994275520196	-0.304663276542774	-0.0792793750518037	0.10584162403834	0.175664139502206	-0.128717280665169	-0.307416848885415	-0.343288187174419	-0.161159572538869	-0.271168080541446	-0.201867458892526	-0.113459227631831	0.236486123080526
P303v10	P303	v10	0.218852045	-0.036239882	-0.009535988	-0.003843529	0.044494853	-0.000951362	-0.000162519	-0.019528188	0.042737755	-0.039255071	-0.144022815419471	-0.0406917716686785	-0.421595118453624	-0.158979834909222	0.00456122767796962	-0.0558403816693624	-0.250530195705286	-0.36008940394817	-0.21996505977729	-0.195843890345467	-0.170886144268571	-0.202451249129755	-0.302146732953974	-0.0938599400723913
P303v2	P303	v2	0.176428689	-0.042921497	-0.028412683	-0.005760248	0.045397693	0.010238427	0.020540347	-0.042602278	0.019715894	-0.020123158	-0.232108888513448	-0.0178359019678243	-0.42365045431167	-0.0556643130227874	0.0532443518420674	-0.0576766592904663	-0.130844452954084	-0.321972356247776	-0.285752984094824	-0.225376254095956	-0.205161183068495	-0.14040440533068	-0.202737854818299	0.123684969889403
P303v3	P303	v3	0.115400628	-0.041335936	-0.045343471	-0.027069805	0.014705815	-0.007285364	0.032834193	-0.032506209	0.006352028	-0.003463943	-0.261602960551874	-0.0596518630851642	-0.422426239890795	-0.125062746315025	-0.0894086200453925	-0.143414769858707	-0.191102036103142	-0.293061313724091	-0.28978156171393	-0.23785700754885	-0.249957016951121	-0.178421777231145	-0.195403741763634	0.0290652936819433
P303v4	P303	v4	0.117921678	-0.027667718	0.035377353	-0.014208771	0.009664876	0.005040482	0.001617662	-0.020249814	0.013586001	-0.033373063	-0.211678195979086	-0.0508225735494495	-0.447700592595558	-0.0468536306772073	-0.108160315352866	-0.173833708752734	-0.233430871233391	-0.337018275718905	-0.167138477117037	-0.30342427704049	-0.226504274285482	-0.124752038473138	-0.258425830045434	-0.082288220384553
P303v6	P303	v6	0.064464954	-0.033438512	0.011050808	-0.026260321	-0.020593141	-0.007280365	0.001423935	-0.034319026	0.016902125	-0.024316754	-0.229321935428492	-0.0831918045102802	-0.44271162506716	-0.0419935317060656	-0.110990146285771	-0.176032674020965	-0.217220437859037	-0.358353058767898	-0.195817665783626	-0.302769558963614	-0.206082991272554	-0.0830347357005864	-0.239661785097484	-0.0356102821133057
P303v8	P303	v8	0.073297366	-0.035951258	-0.009644273	-0.014713502	-0.04321235	-0.011068717	0.013324559	-0.036144401	0.022706795	-0.022553771	-0.285293472989643	-0.109104231472051	-0.478791490436407	-0.149246992242959	-0.149519367395608	-0.181470765042228	-0.304884827598442	-0.389178566046586	-0.237526724981962	-0.323946297194179	-0.252222220905164	-0.174302063461111	-0.292601285786234	-0.0721514944445081
P303v9	P303	v9	0.159927812	-0.036066387	0.024682898	-0.018453427	-0.00874482	0.004399845	-0.023325006	-0.012247431	0.01980993	-0.036275873	-0.217423789435084	-0.0586296673555481	-0.417735521908587	-0.103025504479463	-0.0504602746668717	-0.128060171375581	-0.29268040493688	-0.371097871251849	-0.185743670057995	-0.2955539247527	-0.222195179290433	-0.109750015214531	-0.299443136498063	-0.0740412514070668
P327v1	P327	v1	-0.010574037	-0.038215291	-0.041731089	-0.026809094	-0.041050396	0.034477878	0.022626332	-0.044686861	0.067914272	-0.022536307	-0.255923405174139	-0.259990501009231	-0.414550446531783	-0.192015032494507	-0.176653110795418	-0.155785707470715	-0.179095974135345	-0.311352778414226	-0.211040468739011	-0.307925100107806	-0.266601418337171	-0.117634904305262	-0.231630566158806	-0.156060719164216
P327v10	P327	v10	-0.020560871	-0.024448836	0.010636155	-0.030106895	-0.037266538	0.025617194	0.006946123	0.022179297	0.0123584	-0.036964899	-0.29530671659989	-0.114890850558784	-0.507142430661404	-0.081818014817686	-0.240047721526054	-0.259692546874361	-0.275915644554702	-0.311784351486584	-0.16238363036023	-0.310885817797995	-0.207983059540018	-0.119368221308782	-0.219785146225474	-0.0666437549259324
P327v2	P327	v2	0.006590849	-0.037825859	-0.035915364	-0.029549282	-0.046035164	0.047040038	0.020125687	-0.045123664	0.064256516	-0.029115183	-0.345638168147332	-0.190616396051065	-0.461706426899353	-0.228644540792768	-0.204414235733445	-0.152905793183517	-0.239926739218332	-0.326793571334021	-0.325600218990502	-0.26432181691932	-0.298622253611812	-0.116295182393015	-0.345897153288814	-0.133059748303484
P327v3	P327	v3	0.007401645	-0.039827528	-0.049560967	-0.027792956	-0.043128129	0.025297964	0.029288884	-0.041208768	0.031654156	-0.010420801	-0.317138964982866	-0.25830160986128	-0.497502076631556	-0.224595474661522	-0.231079769171641	-0.229471820114084	-0.217945671005894	-0.284720584689393	-0.370600586662774	-0.308666886229838	-0.307175747615497	-0.222702078645573	-0.330273774935306	-0.117698194556809
P327v4	P327	v4	0.073183358	-0.043143795	-0.0583647	-0.02991831	-0.040044155	0.014535676	0.010135354	-0.040472514	0.010031958	-0.016413841	-0.390460760327152	-0.290947992450646	-0.406474187183256	-0.314200341636066	-0.151056531037844	-0.173429743229431	-0.267212433751532	-0.285453501202071	-0.415269375600189	-0.285014738826825	-0.336862747067671	-0.295312573490031	-0.315785270462806	-0.100465403177833
P327v5	P327	v5	0.011159622	-0.037803542	-0.030001555	-0.009570358	-0.032301976	0.013339813	-0.003758591	-0.035586582	0.036960864	-0.033120797	-0.261862402681433	-0.181583497225032	-0.436640040072448	-0.142426471820177	-0.169176600381986	-0.163838544810627	-0.180168954032158	-0.273474908352007	-0.2748223986335	-0.242559676245732	-0.241295370126922	-0.093136554512958	-0.264543890161373	-0.0860610259613576
P327v6	P327	v6	-0.054563269	-0.0273077	-0.030691672	-0.024638867	0.0072043	0.044601552	0.055296699	-0.032923297	0.091410643	-0.005888111	-0.279141365808823	-0.100493215447643	-0.524484643670835	-0.139857358517873	-0.195740520935482	-0.286190779965674	-0.220952028889654	-0.148140235921526	-0.273499020073984	-0.262634897780476	-0.257674979725027	-0.159267331269956	-0.184278999413189	-0.0981368553361125
P327v7	P327	v7	-0.009562811	-0.028612407	-0.011114834	-0.025326078	-0.008505287	0.026074802	0.009511315	-0.033001032	0.140627745	-0.039957887	-0.278062471012085	-0.150857150418252	-0.467143345831919	-0.135982561648593	-0.167908775911453	-0.246198404244225	-0.200251566745569	-0.187897542071027	-0.155944695469957	-0.238960723773454	-0.213087605258625	0.0131101580166975	-0.177555276941023	-0.081030322615713
P327v8	P327	v8	-0.0489028	-0.01231266	0.044228964	-0.010825875	0.026324023	0.019963055	0.007032578	0.0330863	0.116859285	-0.043721439	-0.219936411470715	-0.0608879840348171	-0.532208143784607	0.0288089528222031	-0.243605516557094	-0.353445862653514	-0.206141151256759	-0.149964080396892	-0.0203466385227274	-0.27917171587352	-0.141344397148284	-0.0569468607083464	-0.112556951794773	-0.132820945724816
P327v9	P327	v9	0.032685032	-0.004145317	0.059395792	0.018463533	0.034738478	0.046155505	0.022019614	-0.003099655	0.05968797	-0.028721502	-0.20774037747544	-0.090793379715535	-0.562216860580681	-0.00587697056468302	-0.161812377064115	-0.363442587101077	-0.317627922210713	-0.293880988651283	-0.0916608598770163	-0.294838101274779	-0.224620702230062	-0.0859533667092902	-0.0705872425920735	-0.134260633623391
P340v1	P340	v1	-0.023652851	0.011814099	0.003666753	-0.01869691	0.068580242	0.01592523	0.095003991	0.041415204	0.059779414	-0.040227204	-0.10243063641595	0.152309026664998	-0.418676129607351	-0.0408413966159322	-0.15682863383139	-0.152445180958969	-0.157924678701352	0.0842296541605821	-0.0344116419397709	-0.219073491750378	-0.148180219383377	-0.190342904750929	-0.186001815044304	-0.0965253130755089
P340v10	P340	v10	-0.006239193	-0.033479926	-0.057972389	-0.032726616	0.090312574	0.043731253	0.149780325	-0.010813243	-0.036081028	0.066447317	-0.138191736181731	-0.222019238300078	-0.4396777956859	-0.179991963287803	-0.299842252085888	-0.393274303684252	-0.311677728071123	-0.129103900507806	-0.303196230818622	-0.358921736041549	-0.226583753101449	-0.270098406257812	-0.277198104840397	-0.0616556375441062
P340v2	P340	v2	-0.115716153	-0.050022556	-0.070685674	-0.027577313	0.069974019	0.139423776	0.144922926	-0.003661774	-0.025997364	0.306205829	-0.0816556492821479	-0.147419183127519	-0.528494163708717	-0.00572373348026823	-0.398455054745461	-0.382787571702924	-0.256163706285954	0.0386822443502201	-0.318626061518504	-0.248788683444716	-0.309413709486883	-0.297666933828025	-0.156921015946211	-0.0740014547046694
P340v3	P340	v3	0.015538727	-0.018988469	-0.003895387	-0.023944125	0.084867475	0.07037884	0.020501445	0.132592225	-0.051761419	-0.029878909	-0.133825987749879	-0.07355007728848	-0.45900294232086	-0.1016510555451	-0.214823540681001	-0.281704657739926	-0.335272520318169	-0.229793922350378	-0.13634065852624	-0.278575842220994	-0.193125748672753	-0.246562686980062	-0.196040791610706	-0.110040130519575
P340v4	P340	v4	-0.058927701	0.014232906	0.005848705	-0.01798471	0.068060937	0.033642822	0.086955939	0.051939565	0.113933424	-0.043532055	-0.0798102433180665	0.169300287473244	-0.422516761907385	0.0210975904494704	-0.153748648945821	-0.158247809877931	-0.138141680672031	0.0623687216780189	0.0436144044393005	-0.189235506806872	-0.159738039112112	-0.14622212781908	-0.0722138489246703	0.0409523178265892
P340v5	P340	v5	-0.003220113	0.004215885	0.007772753	-0.024866059	0.20134111	0.066329769	0.12346857	0.086081521	0.033642165	-0.016378415	0.0529109270734833	0.103459832253323	-0.460148073408888	-0.0433089399452893	-0.156908210737608	-0.274118560056499	-0.233883751625747	0.0083536061417313	-0.0573097170048704	-0.185648459514395	-0.205470667901193	-0.278700258971345	-0.0800149626204319	-0.0726787678190097
P340v6	P340	v6	0.005048062	0.002864119	-0.02271162	-0.026666056	0.115262301	0.069613724	0.135482887	0.057747911	0.030813903	-0.001718209	-0.0676316983593275	-0.00124299006471552	-0.490595733274853	-0.0988069484412534	-0.197214463997744	-0.287922964881947	-0.291917716002422	-0.0688729409810413	-0.139146642252298	-0.28854111094389	-0.239258445312659	-0.285088629028991	-0.15838071999454	-0.11532556344426
P340v7	P340	v7	-0.038187694	0.010528858	-0.011114096	-0.024734628	0.096589504	0.038623611	0.098862956	0.065549105	0.050069932	-0.040585038	-0.0341188451492064	0.11914980180785	-0.427434677226149	-0.0325820798775935	-0.144772300672225	-0.14087279224	-0.149149460577971	0.0604061272330193	-0.0697764348130405	-0.203422967258002	-0.149126894412773	-0.218661420617391	-0.0837773335850676	-0.0483492245656412
P340v8	P340	v8	0.08242157	-0.01366935	-0.025911879	-0.006998084	0.113768356	0.100438457	-0.015283997	0.099411107	-0.052655832	-0.021813054	-0.158388214008113	-0.0976659078478428	-0.317081693012085	-0.19543766061722	-0.159862323860637	-0.125249180125482	-0.347656901318451	-0.338512118640931	-0.2474586448512	-0.247932128892261	-0.191117854799817	-0.309244593494107	-0.262722255661247	-0.0485971902101009
P340v9	P340	v9	0.09007055	-0.020092754	-0.063314522	-0.030248771	0.081388917	0.076490447	0.069218601	-0.03122008	-0.011400674	0.034904973	-0.0412871190014341	-0.222934272756831	-0.537503806751224	-0.192113295332645	-0.169317020677779	-0.325456223208086	-0.368962955908574	-0.20613690823683	-0.308042278201109	-0.34537965943345	-0.27118221562817	-0.195609544766941	-0.335063129255616	-0.148967596199584
P375v1	P375	v1	0.047075365	-0.035668476	0.010636385	0.0235604	0.162361381	0.080725503	-0.051316725	-0.040044343	0.013588014	-0.029279947	0.009534979588577	0.165174625068944	-0.361195826410836	0.018502709622075	0.0642129478096687	0.0385222865334615	-0.212664034426348	-0.153402752097936	-0.103053425988147	-0.254489674003137	-0.0750672134545691	0.0867051747200547	-0.239377855712984	0.0862666024755899
P375v10	P375	v10	-0.023108469	-0.042286302	-0.045274249	-0.0306387	0.020554737	0.115657577	-0.044314457	-0.046657717	0.125172974	-0.03162545	-0.238023765292422	-0.218014867324516	-0.50700563005209	-0.222415055392994	-0.155656526363556	-0.0880256506966033	-0.209267505594852	-0.295672733957218	-0.305804428264418	-0.32204896620795	-0.246091174986211	-0.0795572485312457	-0.343228961907722	-0.0523121742369395
P375v2	P375	v2	0.008765373	-0.049080567	-0.042627055	-0.013176426	0.071997481	0.100353109	-0.053720171	-0.04806232	0.029944185	-0.026808074	-0.102530586353395	-0.215501055542053	-0.431267312305753	-0.17883583091917	-0.0945416905344063	0.0189959805644842	-0.183594283936286	-0.323873957623011	-0.344877719061124	-0.271196177347037	-0.233685098589367	-0.12937177430372	-0.273747730767557	0.0612375876658137
P375v3	P375	v3	0.025286836	-0.020020376	0.02262867	-0.01283266	0.034540818	0.071219038	-0.035100649	0.049834337	-0.002445245	-0.045084086	-0.177734676172164	-0.128351896636711	-0.473454607129595	-0.0995518196213655	-0.237096644392157	-0.2667586324694	-0.177206890624497	-0.239160444638148	-0.0808771242252835	-0.257459229382262	-0.133486086903196	-0.148398613101786	-0.206728246462453	-0.0933761564215631
P375v4	P375	v4	0.039959467	-0.048065876	-0.036381851	-0.018641615	0.079400467	0.120800421	-0.050607716	-0.047538816	0.018037325	-0.024903876	-0.16552167894832	-0.228352201190485	-0.462770759954487	-0.222941662836325	-0.0888666865330519	0.0103808851931358	-0.242323754413836	-0.354014765205436	-0.341958817542308	-0.308838305898524	-0.258212436604996	-0.138085563440647	-0.341399116062957	0.0147475288399665
P375v5	P375	v5	-0.01324258	-0.043496809	-0.047079955	-0.027552129	0.025685973	0.1132343	-0.040190079	-0.046985156	0.076983996	-0.02985795	-0.230425275194539	-0.204917327281283	-0.502639289013712	-0.221356065621635	-0.174504683474707	-0.105271046128764	-0.236893392047405	-0.297000803028047	-0.324587635630009	-0.350695186019295	-0.265220735289487	-0.11820337935949	-0.36387478056427	-0.0611791378884367
P375v6	P375	v6	-0.018166205	-0.044004478	-0.036214873	-0.025331473	0.050247895	0.112878817	-0.047040308	-0.046529248	0.078230824	-0.028808901	-0.205854368069729	-0.214710015831854	-0.497715417073768	-0.199984635033246	-0.151268481633729	-0.095639787902286	-0.20322862813343	-0.331948390594148	-0.326341920526552	-0.33866014832112	-0.232500761197498	-0.0916134959273231	-0.345152144022034	-0.0509824927110437
P375v7	P375	v7	0.011396036	-0.047784079	-0.036684933	-0.026977988	0.094290942	0.125116817	-0.046384586	-0.046951892	0.017613927	-0.027876755	-0.1125748126382	-0.257076413359208	-0.445017184076587	-0.143753380219696	-0.107983026940989	-0.100948040389662	-0.199140747776191	-0.284817542209707	-0.333412185032254	-0.287654799679401	-0.163394983672103	-0.0776962048195314	-0.329362630638351	0.0137476283978215
P375v8	P375	v8	-0.035172994	-0.01928063	0.050609804	-0.00528289	0.013790852	0.045898779	-0.039280268	0.067732077	-0.014578087	-0.042542518	-0.166455823596034	-0.118441060333701	-0.523850952927392	-0.049212937582989	-0.305660659289071	-0.394529587176766	-0.155298246693482	-0.173072519508997	0.0658731511490269	-0.194900853473423	-0.0724564822337193	-0.120158627882379	-0.0890052331287197	-0.111877169716957
P375v9	P375	v9	0.023247379	-0.043695325	-0.048486558	-0.020736161	0.058756865	0.10861678	-0.049716477	-0.048416603	0.031985931	-0.025860558	-0.142280490673562	-0.284708912573979	-0.435101692690738	-0.245628484323055	-0.14882553924449	-0.0414084856194331	-0.246871011446703	-0.394734066273223	-0.349825658224692	-0.364703442950782	-0.233015279182287	-0.178139087175401	-0.399228298001591	0.0219154640127469
P413surg	P413	surg	0.176760776	0.24562925	0.109403496	0.037068453	-0.072809752	-0.085731367	-0.064552709	-0.013722476	0.13281543	-0.06242913	-0.250786164913385	0.452783570442487	0.600454925371921	-0.0444717175060159	0.44267376637147	0.893676480413145	0.308713981301095	0.0509792099648979	0.147832317066452	0.679153617114856	0.213500936548569	0.118575763721767	0.0993331968758281	0.0980608446597177
P413v1	P413	v1	-0.023361195	0.000851095	-0.026759924	-0.003996567	-0.091996319	-0.10753463	-0.053265982	-0.056431948	0.037653792	-0.055186303	-0.0225748375126414	0.072982954808438	1.64135801518099	0.0828223693268814	0.565483016082751	0.833497871313601	0.520362450022583	-0.167734354026518	-0.137575602046493	0.426442424761784	0.369600123022519	0.420146189037039	-0.14114087057728	0.300139132833275
P413v10	P413	v10	-0.003311667	0.185807016	0.065432168	0.044518413	-0.071906004	-0.090634274	-0.039673197	-0.036407817	0.122377059	-0.060474441	-0.101391324962876	0.199525592346607	0.152832550820715	0.085767092932798	0.106231231855	0.0879859845623938	0.308327724694902	-0.0749925329728043	0.204665867393737	0.381168834445641	0.290066223217906	0.088971947225425	0.0381319231389745	0.0467294195655949
P413v2	P413	v2	0.061263714	0.013784908	0.018205341	0.030535217	0.071523704	-0.092102113	-0.037875588	-0.050919114	0.026387083	-0.059003707	0.886039206064009	0.161916923939853	0.605172192195437	0.281623564108276	0.182236695491638	0.157264057058675	1.13731919679555	-0.0822326350490639	0.0882435323413632	1.06940422723461	0.555345728452875	0.278781740398102	0.355609063541421	0.211932634452889
P413v3	P413	v3	-0.035275996	0.042485357	0.048213458	0.031763688	-0.094108397	-0.10600408	-0.062159311	-0.056882221	0.048715625	-0.058679863	0.347679499525817	0.187206386906382	0.562377537874075	0.331242136670618	0.290091293533014	0.109041234295522	0.99897082786471	0.776135564970949	0.710364521827128	0.750933949231541	0.840217422973372	0.486794915534852	0.281577062923347	0.106281323886629
P413v4	P413	v4	-0.011932553	0.068640435	0.072276515	0.03593189	-0.081716911	-0.110960129	-0.064445656	-0.056897021	0.02882397	-0.057080477	0.499006388829924	0.237944757447631	0.399703398149278	0.310110455805971	0.206582745013145	0.0632330952164091	0.95220182826004	0.752357128399074	0.721674596965855	0.815364471086665	0.755880708665282	0.394410761048258	0.403787776139617	0.084127882829301
P413v5	P413	v5	0.035844493	0.151438281	0.163564866	0.038845732	-0.000386151	-0.062936685	-0.049906458	-0.011094864	0.002070938	-0.050740624	-0.0373098914926458	0.206517038808138	0.462107361586475	0.136747699237625	0.147423110487793	0.13436683124717	0.130065728821904	-0.165754034900553	0.207318295070776	0.250940855486332	0.132229923677256	0.229713806568248	-0.0127946289362482	0.0413827448854247
P413v6	P413	v6	0.018462419	0.121891525	0.160292117	0.155126918	-0.055526579	-0.087146306	-0.045805988	-0.02869294	0.025641643	-0.063166154	0.267958745505065	0.33128300091633	0.179219964955812	0.299427366655855	0.126086384904794	0.0387684684614527	0.634803661812512	0.0841557304432234	0.437671738377567	0.818467550684129	0.466049525696893	0.320738607269725	0.391146192536405	0.0792607841807897
P413v7	P413	v7	0.019042718	0.160067764	0.109342088	0.055562746	-0.090020424	-0.097788604	-0.047608054	-0.045001002	0.080210309	-0.062020831	0.0789937137605149	0.201647525105254	0.185752508232354	0.0999993091367058	0.108025925627609	0.0431356188287866	0.511915065562112	0.22081626376757	0.385558277342911	0.519065131445979	0.371808680415529	0.198513936223943	0.0748690977953332	-0.0277456831039332
P413v8	P413	v8	-0.021921439	0.123807903	0.100908746	0.050628351	-0.049742171	-0.107010896	-0.04811351	-0.053421881	0.059452983	-0.061787767	0.689942587130847	0.21331207779063	0.419437227495098	0.198324834968714	0.17756289294072	0.107404519581024	0.906150375097238	-0.0811948330842842	0.326850899800832	0.915204241013657	0.597907414815752	0.274635215580223	0.0507862182745972	0.091307159837508
P450v1	P450	v1	-0.02912592	-0.039558555	-0.063423212	-0.019676056	-0.03725131	0.023985974	-0.035866728	-0.006654495	-0.063434618	0.035598051	-0.154696991083269	-0.151579169823987	-0.02647915681374	-0.142469255885857	-0.0219101235308806	0.155688610093846	-0.248852250621973	-0.292826274611824	-0.364433015229851	-0.28677924911587	-0.192416952050397	-0.184972569325016	-0.213133698435954	0.00967212372657508
P450v10	P450	v10	0.120983245	-0.028046548	-0.083065782	-0.026758762	-0.034867267	0.049834848	-0.058688861	-0.044369317	-0.046979413	0.047394008	-0.228488889959669	-0.150399678064205	0.145682901961279	-0.158718787677209	0.327578534201652	0.599329010990309	-0.263936310673826	-0.263025061507114	-0.475553786103658	-0.229564326240061	-0.267020256843195	-0.166914633616797	-0.158159384712786	0.0535213751130733
P450v2	P450	v2	0.21832791	-0.007620697	-0.081265194	-0.024123832	-0.012821069	0.052866169	-0.045717031	-0.0451538	-0.026568579	0.054123589	-0.110726437822851	-0.155936335461217	-0.165852056153207	-0.228584738738905	0.180369260390601	0.246636156063842	-0.354990138838426	-0.190506443913563	-0.376905295969139	-0.349182194034899	-0.238137783946363	-0.155144785795095	-0.183508052774009	0.0910410379838118
P450v3	P450	v3	0.22161328	-0.004609563	-0.078563527	-0.016627273	-0.010499408	0.044191627	-0.040535202	-0.043687082	-0.037745087	0.042083336	-0.115506408849144	-0.209830911490537	-0.224517778573856	-0.286975517944122	0.154607600548465	0.258585541451058	-0.388471781037681	-0.314979659027104	-0.446132070152403	-0.357472377725473	-0.268799838893149	-0.235892639822098	-0.196966479972293	0.156705624925038
P450v4	P450	v4	0.000295525	-0.028593044	-0.072144632	-0.02388587	-0.034609893	0.05646662	0.032544055	-0.027945662	-0.042208863	0.098706258	-0.213044087051134	-0.263084237640607	-0.445894956090446	-0.221378612099861	-0.253021727127225	-0.250910240731819	-0.306600862180506	-0.236658868765083	-0.404423485704067	-0.285313692326411	-0.287590866683712	-0.288299763160076	-0.284839873529265	-0.0865461688839674
P450v5	P450	v5	-0.013400692	-0.0288008	-0.059252618	-0.020008493	0.0109363	0.035652622	0.031745988	-0.027960032	-0.043893266	0.069106091	-0.209098610220958	-0.224594749204978	-0.493319015630448	-0.186083315861855	-0.261744595468849	-0.309860840744789	-0.306288924538875	-0.226168317513337	-0.313140372558212	-0.313923617721082	-0.266156989019242	-0.299027443058375	-0.208695521889498	-0.125885659388599
P450v6	P450	v6	-0.00319657	-0.021602016	-0.055227345	-0.022288809	-0.023613017	0.028077887	0.005114402	-0.018982179	-0.04862801	0.028224941	-0.243957335188784	-0.202997941067288	-0.453450716881365	-0.19695848527872	-0.215113889475446	-0.218444987493228	-0.31321719542725	-0.292542769857728	-0.324319987545016	-0.289779104330081	-0.276372350181456	-0.271628846234484	-0.306398038524316	-0.126137360797417
P450v7	P450	v7	0.012887134	-0.033130563	-0.075016121	-0.027070365	-0.043608824	0.037777674	-0.014540143	-0.03556837	-0.057124985	0.067758896	-0.165276773127492	-0.197115155269804	-0.219525938483405	-0.151171236418476	-0.0850069229542961	-0.0478009833006063	-0.273840130899419	-0.241546040954838	-0.388932304163344	-0.265885690854531	-0.277178695976727	-0.25758784483391	-0.179355769697464	-0.00408826118055145
P450v8	P450	v8	0.117068266	-0.035191309	-0.070752196	-0.016352823	-0.044312535	-0.003343726	-0.065846162	-0.04151958	-0.055162798	0.020326655	-0.21948314907967	-0.0980673922513945	0.032969220508719	-0.132629121694467	0.36094017051065	0.502183607698865	-0.279084326469892	-0.227523254048336	-0.437745623515335	-0.240469564146971	-0.216521750849287	-0.103472237975263	-0.202009940645064	0.16238833625405
P450v9	P450	v9	-0.019945395	-0.030396603	-0.061363187	-0.025462849	-0.002790843	0.019002594	0.050749298	-0.015450836	-0.052324316	0.054276511	-0.192747326842467	-0.224953420583358	-0.350115954553131	-0.207403925395477	-0.232512735372692	-0.25229843895436	-0.278709478838129	-0.229284846686857	-0.331830244467244	-0.318339968586075	-0.269382162060038	-0.304181244514343	-0.313334472069712	-0.122957190146904
P452v1	P452	v1	0.138727896	-0.028348351	-0.072534655	-0.026563794	-0.056291364	-0.024763824	-0.082960406	-0.039786904	-0.043967955	-0.006614797	0.0556692952132891	0.182179354579921	1.12901555791686	0.0652667339096349	0.33228270493973	0.603022998056608	0.0253583247437205	-0.161765756415984	-0.288205034379777	0.0353433696936634	0.275038630880219	0.293269741895053	0.1320318544542	-0.0195367054147603
P452v10	P452	v10	-0.025130045	0.039047209	-0.031499298	-0.02013002	-0.041608471	-0.037965998	-0.043345271	-0.027789399	-0.074923926	-0.000492004	0.0094394371940006	-0.148523398386608	1.39120616089562	-0.0617168304517775	0.112905963788322	0.270824100682203	0.0557467442108171	-0.338710366415073	-0.237175008111788	0.034816667374586	0.0864731536967652	0.414802008149268	-0.168247652585613	0.0447676795601253
P452v2	P452	v2	-0.051332364	0.024468826	-0.055884451	-0.002512691	-0.05621259	0.023693326	-0.073750989	-0.041438642	-0.059729688	-0.012218743	0.0298608195084921	-0.153004775886706	1.72310916020572	-0.0899612469680489	0.385730392489032	0.801391600779869	0.138158264541381	-0.465537725765562	-0.330209295047692	-0.0739596226430852	0.0913538856083557	0.474375371740282	0.0671456222957393	0.13560339026692
P452v3	P452	v3	0.048001148	0.016648141	-0.060760868	-0.01093055	-0.08542578	0.029330989	-0.076904284	-0.046914657	-0.051601979	-0.01729033	0.205113634841485	-0.161013460098615	0.510947083435485	0.000516590295105008	0.0041303985394947	0.168704048842251	-0.0415252845444913	0.564050614839399	-0.134922460151318	-0.17814865805692	0.157013046043367	0.198267223410813	0.264967308780236	0.0708462997180854
P452v4	P452	v4	-0.038816719	0.051695417	-0.033253698	-0.022075236	-0.041079573	0.030572999	-0.053792662	-0.034226944	-0.067664401	0.005161985	0.014807166197223	-0.229914854421964	-0.122631913549971	0.0175773917096796	-0.204060313627768	-0.118443333040249	-0.174139605398354	-0.24221459192204	-0.165144158934834	-0.33898808927512	-0.0507469853949086	-0.00259765686974706	0.0647849931181202	-0.0535141790994711
P452v5	P452	v5	0.014605212	0.076736463	-0.044014385	-0.019331548	-0.042082132	0.063748472	-0.048518208	-0.036279517	-0.056744858	-0.001762366	-0.108809432445816	-0.256738095852135	0.00581092292519042	-0.0747904657753466	-0.180821456915379	-0.0631379504846427	-0.237658831195073	-0.316344985836553	-0.235289905985616	-0.33054744788994	-0.0970035845625142	-0.0758874613099972	-0.0612451847665818	-0.0998319441762096
P452v6	P452	v6	-0.036424703	-0.026719983	-0.062294478	-0.027425737	-0.033741774	0.058305968	0.036111219	-0.031797775	-0.063873387	0.067001156	-0.143824777966953	-0.289638375734866	0.0262583239540811	0.00253312564065627	-0.193794295201274	-0.115411716732662	-0.104735466238713	-0.240488804009297	-0.343167759989708	-0.429398219316759	-0.131915976949713	0.0280381478619756	-0.169351313264888	0.0229830344859588
P452v7	P452	v7	-0.003034804	0.020193645	-0.011334319	-0.012187949	-0.035988897	0.057455432	-0.045165099	-0.032552643	-0.056567025	0.01266217	-0.0836014026784794	-0.14641905121867	0.20682706146412	-0.0903712844978102	-0.160221615889252	-0.0683007451403367	-0.089207631345055	-0.290845008444983	-0.186026406629086	-0.222328515120461	-0.109897770071155	0.0288856372768288	0.0256398415200192	-0.0718609003981457
P452v8	P452	v8	0.075416571	0.060945267	0.011568279	-0.001777995	-0.058933687	0.043259438	-0.068516364	-0.030854393	-0.041791813	-0.03539843	0.0557692454590008	-0.0364489589781951	0.321297866884667	-0.0442932167506664	-0.0527915610550501	0.0576138286725145	-0.0279420870184885	0.339958561645973	-0.00640814898359632	-0.113874824237779	0.0687161330008005	0.161058294232533	0.284255514311741	-0.0496563935659802
P452v9	P452	v9	-0.043626429	0.0372381	-0.035188839	-0.015863726	-0.006164492	0.044309018	-0.026820544	-0.033673539	-0.060613819	0.011734886	0.0423727078396937	-0.214200698949286	0.0324187846857101	-0.00822071170318031	-0.219807086154482	-0.149214685074346	-0.013663719178266	-0.223752254953395	-0.262474407722505	-0.306552370996031	-0.0508530810740844	0.0909632394694799	-0.0110028361343893	-0.0610874678270768
P453v1	P453	v1	-0.060371388	-0.047549897	-0.029226026	-0.026017496	0.112937902	0.16857427	0.185527945	0.127337126	-0.049829606	0.151382755	0.0119310495673379	-0.0976615638003338	-0.543879920289417	0.0266110986934796	-0.387075296128967	-0.574654706379191	-0.284953002949893	0.172725029525642	0.361844799298992	-0.29050745335905	-0.186266416514354	-0.237873697736682	0.306172234138202	0.0124870605219695
P453v10	P453	v10	0.109010267	-0.047756822	-0.018783303	-0.030834696	-0.060653231	0.038585465	-0.019030674	-0.034090633	-0.017740791	-0.021212084	-0.206237497258763	-0.0331583468840765	-0.0661091055816267	-0.163109382546304	0.0304062076101822	0.0996107301429275	-0.245124630088079	-0.327634292794439	-0.338676102528083	-0.193400044330162	-0.204788369283705	-0.0505668836633398	-0.297977400702373	0.0634839993758265
P453v2	P453	v2	-0.03199485	-0.036374097	-0.00078284	-0.027923972	0.188465282	0.155789392	0.21099794	0.115062758	-0.043692824	0.092520131	-0.0196492010370722	-0.1385056346304	-0.551477008851041	0.0258825858625591	-0.373131660369946	-0.567030328149807	-0.282111319677048	0.0124445152539423	-0.0224931053303108	-0.352102782106886	-0.178964882299347	-0.273941767269084	0.0413652717993786	0.00855157998966614
P453v3	P453	v3	-0.049624937	-0.045868533	-0.038745343	-0.032184183	0.211576411	0.228958189	0.347987724	-0.002372121	-0.01458418	0.261879145	0.0580719031841078	-0.108155512125509	-0.598768410434305	0.100250663221519	-0.386497119825704	-0.612097507922275	-0.162340656798898	0.190909404651802	-0.116951396068511	-0.331022073402223	-0.113725114059189	-0.233255138466198	-0.00300682363194187	0.0818543646511809
P453v4	P453	v4	0.112706013	-0.039519549	-0.002533547	-0.023967953	0.001728988	0.081533231	-0.022482576	0.141150987	-0.035811881	-0.039451824	-0.248694624388229	-0.0646013520797718	-0.292868557132207	-0.162039556042187	-0.0359562165200108	-0.0666233299591094	-0.39112993355712	-0.269734796108221	0.0162413361930392	-0.278403811466968	-0.262051966380366	-0.246493614552804	-0.0657902475689534	-0.0280696726283682
P453v5	P453	v5	0.223841651	-0.04537635	0.013555937	-0.032228466	0.012388978	0.02800223	-0.018040557	-0.026876954	-0.025019198	-0.02266091	-0.203239561194312	-0.0535386061941553	-0.30382567931725	-0.13686758965499	0.0747144022640131	0.114024901601536	-0.345831168312186	-0.397368387870783	-0.230921332735502	-0.191033886009979	-0.249487661788351	-0.187109716441909	-0.281893967290615	0.0881106465569933
P453v6	P453	v6	0.100950831	-0.029504551	0.075911713	-0.028960443	0.013198391	0.032146559	-0.000419413	0.004262968	0.054727723	-0.035488711	-0.305706143779827	0.0303400904318812	-0.404924066354691	-0.015603801534145	-0.122977846589516	-0.179655963525447	-0.30534932420182	-0.275387930128537	-0.122657824480336	-0.206800285586649	-0.20769457811077	-0.131413806786343	-0.201042320129563	-0.0296219728898946
P453v7	P453	v7	0.064821284	-0.024234523	0.044486817	-0.026147652	-0.010973842	0.011137492	0.003156751	-0.031136736	0.075238227	-0.033910925	-0.247833524118616	0.00609486126014828	-0.468198919789962	-0.0284848419263052	-0.167697035618158	-0.227506000661295	-0.308552565132368	-0.274015283247332	-0.111754087924658	-0.252941020226117	-0.169398915119163	-0.0468567881887596	-0.254710812164832	-0.0258207723354563
P453v8	P453	v8	-0.017652328	-0.019905465	0.055998125	-0.026491681	-0.004667007	0.026284054	0.020767893	0.023907384	0.070354351	-0.042442785	-0.296549237836417	0.103348385025714	-0.532535236548255	0.0545396058391969	-0.258003536886916	-0.321791930111143	-0.251816044886673	-0.0733724516415141	0.000939721601637137	-0.290231798729189	-0.129869042395433	-0.0522816224759394	-0.17020682382096	-0.096529243861606
P453v9	P453	v9	0.177761175	-0.039466728	0.052757813	-0.025479362	0.003619026	0.061260682	-0.023006501	0.001048279	-0.019220562	-0.032976041	-0.233958966485741	-0.0235471839749874	-0.249957769071142	-0.0701637949082318	0.00734377879437167	-0.00920237567733934	-0.304205076009087	-0.316417407825812	-0.188258749904801	-0.197227504686111	-0.180498882439955	-0.0841072826303423	-0.256115449755756	0.0770368865203648
P454v1	P454	v1	-0.053516431	-0.000812713	-0.040519372	-0.01886025	-0.059666173	-0.089463425	-0.058887389	-0.052809894	0.072297061	-0.054373521	0.218912174538921	-0.0539366652915429	0.566331565934266	0.0350470042016401	0.148674121746522	0.364641675089692	0.382114423361103	-0.267081937009647	-0.20170091655183	0.467298675021971	0.150493327853495	0.0662435799208545	-0.0862628564668719	0.0644777650959359
P454v10	P454	v10	-0.035038635	-0.001838981	-0.035468325	-0.016704722	-0.058412002	-0.102051975	-0.066531698	-0.054423655	0.07044433	-0.055951093	0.286570614114575	0.0126702670654582	0.602013486011983	0.0599852092883629	0.190192120474435	0.366127327040645	0.45370384031132	0.000786230782560664	0.0112485658938106	0.541897906203828	0.247945515459624	0.11753112837331	0.0417965060057401	0.0425223450181917
P454v2	P454	v2	0.067144651	0.01815866	-0.037405162	-0.011278727	-0.089453595	-0.081954727	-0.055527747	-0.05739247	0.090894401	-0.058137577	0.0915291902569498	0.232088116332521	0.765548109576133	0.00972822526373976	0.449288367198864	0.672624989172025	0.291599195113321	0.456678040311224	-0.100292825045114	0.573053298238084	0.24730314432853	0.314170262199263	-0.00963426691722099	0.0902215516922078
P454v3	P454	v3	-0.054719952	0.290256658	-0.004062512	-0.00106651	-0.072009492	-0.106183886	-0.06976453	-0.055304761	0.037879429	-0.05133593	0.127084400704296	0.109694355938333	0.664252794795006	0.0304681430574028	0.266434051115002	0.409986820352044	0.237677409748539	-0.294948271218596	0.0242985929581352	0.543914244738409	0.215548099778199	0.170781659995619	0.245820323569415	-0.000288793112929826
P454v4	P454	v4	0.004969112	0.113303617	0.050293577	0.008814458	-0.075193149	-0.10535087	-0.072943259	-0.056436106	0.049551989	-0.060294111	0.429668114577801	0.243482555859321	0.252261903159973	0.211749693042065	0.179110578745911	0.170898339113334	0.713018659832586	0.603389058133821	0.712237216284069	0.84132510176922	0.546472348094177	0.212577595058424	0.333540709628711	-0.0314284674300464
P454v5	P454	v5	0.131310631	0.012868456	-0.004723621	0.033768658	-0.064269088	-0.090773434	-0.073515082	-0.054616181	0.057953963	-0.059030888	1.15272113912524	0.541816736724086	-0.210282209511344	0.398969762159024	0.39012249991649	0.210615259165701	0.766210395374498	3.01984308559223	0.895429632355674	0.805672938754369	0.954474353357298	0.408277770288561	0.694175104736079	0.0706712020655
P454v6	P454	v6	-0.068789827	0.264448998	-0.012486466	-0.001593861	-0.07262168	-0.104821578	-0.069637401	-0.054906521	0.044120826	-0.053692895	0.182532170369085	0.177353366578272	0.649059984949865	0.112545133062812	0.276560792963405	0.460256494131601	0.284050822957192	-0.234287600375833	0.070953057054691	0.551397428153703	0.28975866385755	0.163754491863826	0.194831455923155	-0.00607643006127833
P454v7	P454	v7	-0.017875833	-0.010077824	-0.056472923	-0.023048453	-0.078037609	-0.091247919	-0.055635624	-0.054486163	0.070466274	-0.049094972	0.0510888530435731	-0.0545353228308325	0.746529564891423	-0.041395990415933	0.20568224681714	0.494658582202025	0.310386150992862	-0.20113567317617	-0.250486630928484	0.439460816203062	0.0787369023849098	0.0783618289507034	-0.067265406011647	0.032803543191923
P454v8	P454	v8	-0.040987484	-0.025325942	-0.014217372	-0.024595658	0.065758554	0.06270823	0.146996818	0.042511126	-0.040730847	0.145404577	0.358482982466777	0.0317726331583251	-0.496687847713284	-0.0280221176103422	-0.355757491073687	-0.559693324301726	-0.0338661481145381	0.155635755386381	-0.0400581840465585	-0.0345430436868208	-0.103609836213752	-0.189527311632514	0.201848984822382	-0.0281087840759101
P454v9	P454	v9	-0.002287503	-0.026680836	-0.035580891	-0.023569041	0.005664597	-0.041671043	0.028045105	-0.014636164	-0.014217149	0.032095145	0.0668079304708512	-0.0772020726792485	0.213770260531633	-0.175157722849894	-0.0950638859564127	-0.0630870757494426	0.0724554391727495	-0.163261177936972	-0.23524603285022	0.143612587835806	-0.108417404190425	-0.0934617229045241	-0.0367629356988066	-0.0684511658814391
P455v1	P455	v1	-0.011805318	-0.034904559	-0.03742659	-0.02325054	0.03991289	0.090323335	0.175520676	0.016987415	-0.02087428	0.162838457	-0.251395492846686	-0.128720068609527	-0.546348938677073	-0.141835845441253	-0.338742301603429	-0.390804410312255	-0.287840745228162	-0.0180564930316951	-0.29439972216825	-0.315578713490575	-0.282314792125999	-0.312476687279017	-0.245100118150385	-0.104022691616259
P455v10	P455	v10	-0.094621439	-0.044360849	-0.052052513	-0.025187852	0.079870559	0.10782744	0.178270274	-0.005207943	-0.026088605	0.199961198	-0.00337472125033783	-0.162924932136234	-0.584181186104075	0.032950162171196	-0.376432867678889	-0.516442207486818	-0.162524352121221	0.0294181606544895	-0.273024270322296	-0.311479019737992	-0.220194237383603	-0.235855939439664	-0.179864793391445	0.00596848010277947
P455v2	P455	v2	-0.059122703	-0.026283359	0.034672746	0.015640144	0.0426879	0.130947567	-0.034775754	0.245745431	-0.060889371	-0.034653301	-0.22944561548435	-0.0340490842160094	-0.441881439517733	-0.0532596831702347	-0.227717776341745	-0.329802363390552	-0.230720692632032	-0.154621734639783	-0.03464474486561	-0.157199053233763	-0.168211413989818	-0.331587539093321	0.113003765922288	-0.0330054231035893
P455v3	P455	v3	-0.037213496	0.012762057	0.134870245	0.029033659	-0.042802979	-0.055724306	-0.072207757	-0.017409496	-0.062347552	-0.02696034	0.0770075850479768	0.244805614230357	-0.246765664112434	0.128633054717903	-0.219947202250209	-0.321055246875504	0.242009087101411	-0.0793778407625987	0.219798186470686	0.224836313092324	0.138192116291548	0.179475784438307	0.325980713002022	0.00204529876082202
P455v4	P455	v4	-0.057015904	0.001911797	0.12514358	0.02661105	-0.067307613	-0.065948696	-0.073493844	-0.033621152	-0.058294085	-0.018839131	0.156305750518685	0.221664433433581	-0.273891076701469	0.144845632286393	-0.188237534606959	-0.326603888424841	0.280431294790781	-0.0115231586291265	0.205323233776984	0.281691225373736	0.239751532275737	0.174015009265125	0.283477676819802	-0.0165605372364627
P455v5	P455	v5	-0.056606859	0.007127772	0.111457318	0.005624496	-0.08169877	-0.067054124	-0.075750383	-0.042038349	-0.033254732	-0.034301706	0.412629721853623	0.287002695876296	-0.261149292241435	0.175505095342686	-0.182613049901274	-0.269804167833155	0.531665401412629	0.169500005767507	0.310875128003774	0.643598706843369	0.371766351598724	0.177087325107934	0.556555577265026	0.0300649241264639
P455v6	P455	v6	0.028377684	0.059665913	0.200873073	0.087385608	-0.077000114	-0.081220887	-0.080675236	-0.042747384	-0.049955752	-0.052849061	0.6138053271075	0.545779807504762	0.100155915232095	0.554253127430392	0.222003220682568	-0.0371794537981262	1.6890169893292	0.80133901427985	1.05068973608387	2.12095100308805	0.833338348899264	0.614092573254494	1.2389672708857	0.180686235196428
P455v7	P455	v7	-0.086149485	-0.003500354	0.061878541	0.002031731	-0.083611701	-0.068316091	-0.073604251	-0.045132629	-0.055475259	-0.031197661	0.376054003217133	0.225851906236554	0.0253042684240678	0.19655312652594	-0.0268284247701179	-0.175882365022864	0.815578872388096	0.189413466152336	0.307447154746025	0.841191523704076	0.462765191411437	0.17888259538695	0.645912854793641	0.0229873229012505
P455v8	P455	v8	-0.05172922	0.003931973	0.035983861	-0.001439004	-0.054191192	-0.056279456	-0.067677698	-0.02905185	-0.057014621	-0.017224705	0.112670753262688	0.0697942905551032	-0.0946880531661657	-0.0213144915431848	-0.228499077198878	-0.210361757337429	0.282284958761338	-0.117303986017213	-0.0407060923642724	0.235690467414562	0.112670855177339	0.0820411737439357	0.11758437210436	0.00322277616968989
P455v9	P455	v9	-0.024653645	0.038966808	0.152649547	0.019135016	-0.074811584	-0.073754253	-0.07507912	-0.036776819	-0.051768756	-0.043547826	0.286080808639817	0.398039513475593	-0.155083380815616	0.250473914424276	-0.0928792979691647	-0.235797426445093	0.508515314358137	0.194529599920706	0.366097270349527	0.608022668012358	0.425193529695786	0.251343316236674	0.538840840129446	0.0338576035485317
P457v10	P457	v10	-0.01941998	0.032007981	0.064337925	0.021368685	-0.097585902	-0.113888594	-0.0466714	-0.055723957	0.030890184	-0.046336287	0.872328452647459	0.466088013059455	-0.038075878820339	0.460185838186427	0.236538594203703	-0.0175485476692422	0.928197046517986	2.32664245139255	2.99691042537784	0.631654628668301	1.2937842465079	0.438152605383623	2.00408926955148	0.161262658797874
P457v2	P457	v2	-0.051810761	0.065896778	0.215604025	0.085307919	-0.079271354	-0.070834255	-0.052658768	0.047098561	-0.037631737	-0.056259038	0.403114359363166	0.69890819703589	-0.388972804502388	0.634886798842936	-0.0376657439196238	-0.324922321793195	0.730668377696778	1.66432264245263	1.51475163551683	0.698708742151927	0.658016765620367	0.386441656696158	0.911018498019781	0.0665637616049889
P457v3	P457	v3	-0.072488718	-0.0066222	0.043590423	-0.014773298	-0.03672428	0.13879946	-0.040394467	0.320576365	-0.044739726	-0.042453668	-0.393997036871691	0.116655503952596	-0.386423118970605	-0.0605204806096495	-0.194067405406394	-0.141176960353323	-0.321252499168193	-0.127148415502908	0.0346198609291117	-0.149235413397962	-0.24991632407654	-0.373350970504136	0.115446501658492	-0.0535219188938451
P457v6	P457	v6	-0.063057934	0.01583725	0.17061462	0.025969778	-0.033073925	0.092325351	-0.042038471	0.236963234	-0.06272031	-0.044412333	-0.276812963693358	0.258395959662133	-0.459968898944924	0.0994495872649534	-0.203181884266804	-0.371324266472115	-0.204923692705886	-0.208873877107042	0.207194960673856	-0.0224053247649742	-0.132108159646281	-0.128624295353456	0.164376645036116	-0.102001974133757
P457v8	P457	v8	-0.053812781	0.019279221	0.02823922	-0.00796568	-0.088007412	-0.109284551	-0.008479685	-0.052631201	0.007417664	-0.027710717	0.337824516715192	0.256453367723208	-0.200914755168056	0.232300201442368	-0.0435223512395317	-0.150591849469952	0.367599505211985	0.833797120102162	1.31692988255774	0.311452757545212	0.583175920501359	0.249039330823418	0.604559471611159	0.0893671750629767
P457v9	P457	v9	0.110947484	0.029058159	-0.00180081	0.100960316	-0.107914868	-0.090773877	-0.041447511	-0.047632287	0.069165433	-0.053717636	0.268337737013561	1.03606703424092	-0.241615463146261	0.149916147159009	0.55054130196073	0.337669022022627	0.710521969867181	3.26022508304954	2.06802903770805	0.613371860823496	1.09612731502168	0.217875490846153	1.3464664537936	0.0844782817522267
P475v1	P475	v1	-0.056007968	-0.045847256	-0.059909252	-0.02302889	-0.098586699	-0.078972593	-0.057993256	-0.042631882	0.013842938	0.046091637	-0.139882989029515	0.0367060545568268	2.3113106795936	0.0904656477727046	0.769932726456327	1.14001538544522	0.206938407216268	0.426969101127733	-0.111522909674047	0.149645011844731	0.0625048490547535	0.000707172923840191	-0.212490510429153	0.219529606661301
P475v2	P475	v2	0.164206616	-0.067459718	-0.07617335	-0.020341933	-0.08923279	-0.137719828	-0.088176438	-0.047685516	-0.0202101	0.030697031	-0.0511805832308562	0.454049475342605	4.62848960278257	0.253724175853041	1.97062225259389	2.06893236165805	0.272592980689843	0.761274437941807	-0.201648990362815	0.573939286665295	0.172391446208911	0.718636153477092	-0.333797767908401	0.422402256142279
P475v3	P475	v3	0.053119562	-0.028761353	-0.070448396	-0.023542522	-0.094772288	-0.126328482	-0.068402749	-0.050334054	0.255955629	0.001404208	-0.195694908886776	0.0318448834125022	2.38482634360394	-0.0448924853262206	0.871429917319907	0.994219561960327	0.0704146333511028	0.482410518578028	-0.211694490353269	0.135971778933661	0.00152083663561555	0.0841508085947785	-0.298339109345957	0.125149770430631
P475v4	P475	v4	0.011711868	0.008712751	0.103531548	0.010791346	0.065153822	0.042092477	-0.009774962	0.18432736	-0.060432276	-0.030616719	0.14723571738771	0.0422664758216228	-0.123512347941223	0.0288594219124776	-0.222553842190085	-0.427035846864336	-0.0706433177050979	-0.11378455614424	0.135029103854369	0.0861594390461057	0.0129011451141817	-0.186379989846566	0.0651672313069311	-0.0827583051556283
P475v5	P475	v5	0.014697286	0.0342278	0.001349618	0.035364748	-0.068921997	-0.103101638	-0.050554992	-0.051866807	0.476150619	-0.047248218	0.76505685689258	0.0664151351505675	0.363777780479185	0.062070022026152	0.14070642893828	-0.082566050911497	0.660626317139033	1.0068282136401	0.159302582246271	0.887039538669747	0.532188248581155	-0.103861364760163	0.0666315243773454	0.0155635820061954
P475v6	P475	v6	0.062377336	-0.008760686	0.199499675	0.854370658	-0.015152945	-0.002119873	-0.082265331	0.056795045	-0.065364035	-0.020170676	0.199595736048527	0.539234521180551	1.48637020400862	0.340850575166653	0.487638760340744	0.200050641511197	0.0897620714494617	0.303755008494099	0.544816034421649	0.220344178416748	0.321198770359975	0.293657640410742	0.578177752328958	0.333328143728828
P475v7	P475	v7	-0.056426866	0.012498908	0.204508681	0.031588422	0.035644167	0.057420623	-0.067494227	0.24664279	-0.063383837	-0.054627932	0.203396423877879	0.330976415799078	-0.430908864261333	0.263688622804544	-0.211858135226859	-0.376275622708523	-0.0637404429027127	0.162888871910187	0.734838362453255	0.123956270737682	0.0356505677282934	-0.0590615747179768	0.397133028643634	0.00460107360614511
P475v8	P475	v8	0.022173881	0.057267019	0.307565598	0.093327118	-0.015254808	-0.003764991	-0.07735862	0.151978493	-0.063580192	-0.057469554	0.162188402698811	0.623232239822186	-0.413952373561883	0.399494579262347	-0.145665677120052	-0.356824838841902	0.390303344183903	0.466699036971874	0.814148774472769	0.56020997342002	0.29256491663556	0.14301543067133	0.492750033260115	-0.00909910600078337
P481v1	P481	v1	-0.068420756	0.010380489	-0.026016967	-0.018045437	0.056400536	0.119510658	0.116738682	0.125294112	-0.037626136	0.177621438	-0.0895376940804599	-0.118443818458032	-0.520940490919383	-0.0630622733892208	-0.359546503193443	-0.507316220924883	-0.303392880864973	0.0240340875634948	-0.057343287019203	-0.270574583291703	-0.239910283627713	-0.364682064541598	0.0427996274422377	-0.107780657707176
P481v10	P481	v10	-0.078702296	0.196052533	0.105102538	0.02750314	-0.094460967	-0.012436998	-0.062917393	0.196723718	-0.012487138	-0.052817809	-0.109276416347491	0.331198135487876	-0.402556981480568	0.0829414791413968	-0.134370764162845	-0.301466944682517	0.16611133078246	0.429039681770849	0.681546151134799	0.25623674660714	0.178605719020174	-0.149373958837546	0.467535510735288	-0.231276947646137
P481v2	P481	v2	-0.085619409	0.060860979	0.062668899	0.018681966	-0.072662401	-0.081891357	0.000409484	-0.026424476	-0.012034403	-0.032663196	0.496368054137041	0.216254919049217	-0.409094694790942	0.117657781434235	-0.0787054223872231	-0.324012670465272	0.39128285381707	0.655863669490017	0.442215188848585	0.46807586145213	0.513728395019876	0.0340593932146946	0.158027345074589	-0.168108632353192
P481v3	P481	v3	-0.077633077	0.090093546	0.083090306	0.032305356	0.028206821	0.001275287	0.002853593	0.179753589	-0.057693491	-0.020478513	0.367383963987706	0.0530602996533895	-0.45511636900518	0.00290172597130741	-0.260083783858457	-0.465606015962209	-0.00683183853214536	-0.134999279503264	0.318476473359128	0.0880309096269817	0.127959539175392	-0.212114617096674	0.236095217122039	-0.124771252349884
P481v4	P481	v4	-0.038428221	0.048607277	0.035550474	0.001091716	-0.106125691	-0.09793679	-0.002624167	-0.045393158	0.04672572	-0.053946122	0.408311909613495	0.453270786448538	-0.234624962225096	0.143176624088467	0.21437739417998	0.0625926509741327	0.430309803345662	1.64937623027149	0.413802477537413	0.626823861115669	0.691164352115323	0.105275622242919	0.0180369395865114	-0.125275547588482
P481v5	P481	v5	-0.017584225	0.067097717	0.070304151	0.019373166	-0.074666698	-0.065443873	-0.008307257	-0.016275591	-0.004816381	-0.038073717	0.354415426836426	0.255867862352785	-0.355689787166813	0.0254494015051372	-0.079425242035762	-0.261254291485419	0.266935264953562	0.759723448731352	0.438865849725111	0.420805638435102	0.384265535193654	-0.0130377201233502	0.143211588161384	-0.216529116688522
P481v6	P481	v6	-0.084776618	0.102599388	0.12094981	0.054510646	-0.066173285	-0.009444579	-0.063284079	0.194714077	-0.032118347	-0.05347983	0.137514518565942	0.283986436488064	-0.431663149671587	0.0926932886028507	-0.288666906685573	-0.435161245984266	0.190258239957802	0.0541638025075513	0.468952143595444	0.417593594167183	0.229658010890393	-0.159813585322552	0.286201589877829	-0.175179993175041
P481v7	P481	v7	-0.076634833	0.118055796	0.087420067	0.035009917	-0.025788983	0.032583083	-0.059249012	0.277854376	-0.043273033	-0.051401256	0.229352031052246	0.283386387991813	-0.379108556365296	0.0582200227215618	-0.222721301145112	-0.288052825487677	0.0755482096803191	-0.0503725699531231	0.411928917990834	0.188310765804391	0.11460217648935	-0.249874048635478	0.197161674559213	-0.191694088933931
P481v8	P481	v8	0.025221529	0.002894681	-0.000110415	0.003843147	-0.104456942	-0.110994756	-0.040633089	-0.051262634	0.047795724	-0.054263061	0.486884297817585	0.438300552443052	-0.190211851560808	0.200642188317322	0.198831892832253	0.237164952019667	0.548048440082223	2.85029769947997	0.838167391134268	0.793549413057073	0.865212187734296	0.0815172866722222	0.107580848013128	-0.101205627379534
P482v1	P482	v1	0.07095498	-0.023808587	0.00229088	0.019690992	0.356828013	0.100614345	0.04341067	0.081558527	-0.058309152	-0.026758948	0.297788615897064	-0.0138049812594291	-0.372822112677641	0.0217778942143333	-0.00907751965284504	-0.304238063145974	-0.170099135607484	-0.177776569797279	-0.0914634782197759	-0.265270405272549	-0.0242197168820554	-0.175992616950902	-0.0155041054698255	0.0812747263967606
P482v10	P482	v10	0.085963696	-0.033968857	-0.031065972	-0.02425742	0.018520788	0.0349681	-0.026125209	0.008365442	-0.034341442	-0.041379957	-0.136885474504847	-0.10224305309798	0.169460607652021	-0.0323768558177415	-0.00971687439559337	0.0477792858246155	-0.0538262727408342	-0.230800821660889	-0.151938021270036	-0.10914800988771	0.0261066272929732	-0.0200569711767344	-0.269512438074188	-0.0023026633585776
P482v2	P482	v2	0.076286789	-0.044451987	-0.037166854	-0.024164272	-0.002865292	0.090372587	-0.003065933	-0.037245007	-0.042047953	-0.026045598	-0.203565170234399	-0.110523507211881	-0.347005770660151	-0.0643056406894246	-0.0612143198052762	-0.0995736530313264	-0.227849885736698	-0.245080496828788	-0.100515468522131	-0.32278114694024	-0.213787708809304	-0.090710879021778	-0.278803001968954	-0.0234521402993235
P482v3	P482	v3	-0.018880255	-0.017323931	0.008580441	-0.019584703	0.084462784	0.019085984	-0.014418597	-0.020410363	-0.050509711	-0.030459952	0.230010544334925	-0.025534967294822	-0.384930498260194	0.0938394566700881	-0.157926433952394	-0.253276808714539	0.131111400693207	-0.0684254230351813	0.514461466479813	0.0313205277971775	-0.0194708672676751	0.173924093375245	0.0532151111244524	-0.0605192882269741
P482v4	P482	v4	-0.003980986	-0.025784487	-0.007103184	-0.019512232	0.032531734	0.033589281	0.02041631	-0.036419226	-0.049884598	-0.032670876	0.00214277079098867	-0.0765072240648979	-0.430755334740304	0.0386391692772295	-0.121574304040315	-0.187618075024749	-0.127535107883381	-0.173578851550358	0.440131174203823	-0.185915347880922	-0.132902212510671	0.103046756704239	-0.125481025596472	0.0198132057659242
P482v5	P482	v5	0.04155432	-0.022025041	0.009235336	-0.017339029	0.019666812	0.024368158	-0.017680768	-0.036515776	-0.047917896	-0.026853429	0.0443034616122438	-0.0636106521633112	-0.41844139752384	0.0635652476330866	-0.141606127298812	-0.221801456144765	-0.0100016884966598	-0.0601494396706018	0.672429427715876	-0.0717088082317959	-0.0661724311139119	0.125910334491407	0.156479425041726	0.0127013432972914
P482v6	P482	v6	-0.003529384	-0.021897131	-0.007009527	-0.015106296	0.106734674	0.033992432	-0.032241406	0.094298592	-0.059016532	-0.040157538	0.181405252026609	-0.0927938440828042	-0.3469183023463	-0.0455157822063921	-0.224851604129023	-0.308666785510783	-0.017325849550236	-0.222980834919707	0.0567056998817202	-0.105314867705195	-0.136464050611875	-0.112056331967816	-0.0459366320901258	-0.0606425350243315
P482v7	P482	v7	-0.025097347	-0.031941041	-0.025022013	-0.02661244	0.029670836	0.032411891	0.015347957	-0.027498597	-0.043357002	-0.033173414	-0.0146641444424218	-0.0791908073723645	-0.360712882907719	0.0136254204112868	-0.123210849752825	-0.101298719120557	0.0370056722454617	-0.194480592287279	-0.104865452457886	-0.0779796090456265	-0.106949457485803	0.0937590565226505	-0.231625386780505	-0.00818617388728706
P482v8	P482	v8	0.000998458	-0.017503036	-0.001232692	-0.020682799	-0.014600755	0.033289359	-0.020607155	-0.008327289	-0.029509938	-0.039514865	-0.110271966107497	-0.143605290229728	-0.342359946467466	-0.0485027619680565	-0.193432042595319	-0.132190627933563	-0.0352338223086216	-0.267417662723658	-0.110474517103902	-0.118597472134607	-0.168971594652562	0.0020106942460544	-0.289077818235529	-0.0347140057887589
P482v9	P482	v9	0.045139818	-0.036843073	-0.019600031	-0.024929942	0.113721278	0.017557471	-0.032643577	0.048650773	-0.047884192	-0.045438087	0.106674450894607	-0.0025118221379668	0.117657654856048	0.0780403733827411	0.0384968548484966	-0.0190801147881735	0.0479141094170727	-0.16160078221519	-0.0594648505004524	-0.0584804199846921	0.0744279226360877	0.0838771933247563	-0.0956736625351609	0.0496940986397385
P485v1	P485	v1	-0.117559848	-0.05195181	-0.063196611	-0.029506427	0.062041224	0.142321112	0.091933072	0.077901115	-0.035623971	0.30188125	-0.0939480712245482	-0.172327053791078	-0.472931653715644	0.0538553936292117	-0.354726105963964	-0.39588642020717	-0.211217331883329	0.0295435741123181	-0.215942008079065	-0.129080928107946	-0.239416009421384	-0.268420024093411	0.0768410232038621	0.019934950248188
P485v10	P485	v10	-0.01413975	0.121763789	0.143214367	0.101591136	-0.048264966	-0.084045234	-0.046741079	-0.033903282	0.015725512	-0.058098489	0.171032982286222	0.109703822320148	-0.046667437323293	0.228197114357955	-0.00680652086836581	-0.112084519168621	0.282591435509471	-0.0149286457462788	0.334789903821899	0.336163208335656	0.167520479253762	0.266644069202375	0.135622745905584	0.0217992483761577
P485v2	P485	v2	-0.038827314	0.02830663	0.050877677	-0.012911307	-0.016802942	0.061403482	-0.035040469	0.219045805	-0.046241429	-0.047973355	-0.131638444724083	-0.0294971130586549	-0.307699435641251	-0.0521072101783153	-0.205896309001724	-0.285866880442393	-0.155175719945785	-0.148032198891335	0.140800403269399	-0.101575412564833	-0.121284073845226	-0.250440597473708	0.195864971846419	-0.013595533653857
P485v3	P485	v3	-0.10912991	-0.053098585	-0.058870443	-0.031729501	0.066738207	0.147228404	0.094688069	0.080571206	-0.038080977	0.292990443	-0.140037341181752	-0.165896754691961	-0.420286272370728	0.0642454848466052	-0.329697356453395	-0.384873878605543	-0.23153948191167	0.013375358463543	-0.22456434273564	-0.157508797589568	-0.223529250440873	-0.251083188797504	0.0351111806278787	0.0195013167360407
P485v4	P485	v4	-0.042787898	0.339314898	0.068636812	0.126677321	-0.031064375	-0.0900769	-0.046733271	-0.052487747	0.132496446	-0.057591086	-0.049303166563742	0.108624863109308	-0.0449740394592494	0.154700835048066	0.141001853036416	-0.0391280347387847	0.0699773746385619	-0.192323209239412	0.417093346373436	0.221411322431618	0.0797550387148817	0.248993220985287	0.282167282028182	-0.0198693519587951
P485v5	P485	v5	-0.069793417	0.014199978	-0.016631064	-0.003633102	-0.066443096	-0.105604969	-0.054703968	-0.054313605	0.033699677	-0.048202351	0.16024399702052	-0.0425619822740571	0.826122610613196	0.0300665673228506	0.314144240833429	0.461231450906397	0.603417017485798	-0.20194071343927	-0.0947296689881092	0.561722237010385	0.171103490979578	0.203635020679756	-0.0864638799563854	0.0690250193489299
P485v6	P485	v6	-0.004251826	0.118563012	0.179780266	0.083677111	-0.043143427	-0.086601188	-0.046631919	-0.045631568	0.086430558	-0.058352278	0.099895093365021	0.0918595860778113	-0.176608975829287	0.328810987372517	0.0288338765515384	-0.152888621491539	0.449505683481601	-0.0296995592015602	0.490443837126001	0.548689751859978	0.204088954717682	0.271903145211431	0.157967962468991	-0.0138402301961528
P485v7	P485	v7	0.009352588	0.23493308	0.070684942	0.10852506	-0.04193746	-0.081129476	-0.03657952	-0.052387584	0.139440713	-0.058913477	-0.12229447705113	0.107444502449717	-0.0427537008088741	0.101913888750875	0.142092972454558	0.0391493836259406	-0.00777801306576813	-0.201738175760601	0.230619359456489	0.171222375777287	0.0250577480747711	0.21479883039178	0.0374342073247187	-0.0281225942624602
P485v8	P485	v8	-0.077247074	-0.047187446	-0.049061535	-0.025514159	0.042917282	0.134681553	0.083426599	0.105894132	-0.043569362	0.221393617	-0.211559005675218	-0.180072120173179	-0.42256545857248	-0.0581351561666293	-0.373876018944137	-0.395908974725454	-0.253313300353845	-0.0530670082857299	-0.221416873206262	-0.210097701760241	-0.277053148539955	-0.350434887779586	-0.00232133844174456	-0.0533751813619509
P485v9	P485	v9	0.009208165	0.050871495	0.039732996	0.025565591	-0.064743723	-0.096049348	-0.065114112	-0.055330377	0.10310327	-0.060344177	0.451457809668456	0.143042111268715	0.133277178244063	0.34043459626155	0.144876517820482	0.0443449930983847	0.938684069904243	0.694674770631223	0.966068720990759	0.788684270397543	0.626375117051085	0.289188206101308	0.594281116135697	0.018998935675104
