""	"Angiogenesis"	"Apoptosis"	"Cell_Cycle"	"Differentiation"	"DNA_damage"	"DNA_repair"	"EMT"	"Hypoxia"	"Inflammation"	"Invasion"	"Metastasis"	"Proliferation"	"Quiescence"	"Stemness"
"P303v1"	-0.195471236965274	-0.0200994275520196	-0.304663276542774	-0.0792793750518037	0.10584162403834	0.175664139502206	-0.128717280665169	-0.307416848885415	-0.343288187174419	-0.161159572538869	-0.271168080541446	-0.201867458892526	-0.113459227631831	0.236486123080526
"P303v2"	-0.232108888513448	-0.0178359019678243	-0.42365045431167	-0.0556643130227874	0.0532443518420674	-0.0576766592904663	-0.130844452954084	-0.321972356247776	-0.285752984094824	-0.225376254095956	-0.205161183068495	-0.14040440533068	-0.202737854818299	0.123684969889403
"P303v3"	-0.261602960551874	-0.0596518630851642	-0.422426239890795	-0.125062746315025	-0.0894086200453925	-0.143414769858707	-0.191102036103142	-0.293061313724091	-0.28978156171393	-0.23785700754885	-0.249957016951121	-0.178421777231145	-0.195403741763634	0.0290652936819433
"P303v4"	-0.211678195979086	-0.0508225735494495	-0.447700592595558	-0.0468536306772073	-0.108160315352866	-0.173833708752734	-0.233430871233391	-0.337018275718905	-0.167138477117037	-0.30342427704049	-0.226504274285482	-0.124752038473138	-0.258425830045434	-0.082288220384553
"P303v6"	-0.229321935428492	-0.0831918045102802	-0.44271162506716	-0.0419935317060656	-0.110990146285771	-0.176032674020965	-0.217220437859037	-0.358353058767898	-0.195817665783626	-0.302769558963614	-0.206082991272554	-0.0830347357005864	-0.239661785097484	-0.0356102821133057
"P303v8"	-0.285293472989643	-0.109104231472051	-0.478791490436407	-0.149246992242959	-0.149519367395608	-0.181470765042228	-0.304884827598442	-0.389178566046586	-0.237526724981962	-0.323946297194179	-0.252222220905164	-0.174302063461111	-0.292601285786234	-0.0721514944445081
"P303v9"	-0.217423789435084	-0.0586296673555481	-0.417735521908587	-0.103025504479463	-0.0504602746668717	-0.128060171375581	-0.29268040493688	-0.371097871251849	-0.185743670057995	-0.2955539247527	-0.222195179290433	-0.109750015214531	-0.299443136498063	-0.0740412514070668
"P303v10"	-0.144022815419471	-0.0406917716686785	-0.421595118453624	-0.158979834909222	0.00456122767796962	-0.0558403816693624	-0.250530195705286	-0.36008940394817	-0.21996505977729	-0.195843890345467	-0.170886144268571	-0.202451249129755	-0.302146732953974	-0.0938599400723913
"P327v1"	-0.255923405174139	-0.259990501009231	-0.414550446531783	-0.192015032494507	-0.176653110795418	-0.155785707470715	-0.179095974135345	-0.311352778414226	-0.211040468739011	-0.307925100107806	-0.266601418337171	-0.117634904305262	-0.231630566158806	-0.156060719164216
"P327v2"	-0.345638168147332	-0.190616396051065	-0.461706426899353	-0.228644540792768	-0.204414235733445	-0.152905793183517	-0.239926739218332	-0.326793571334021	-0.325600218990502	-0.26432181691932	-0.298622253611812	-0.116295182393015	-0.345897153288814	-0.133059748303484
"P327v3"	-0.317138964982866	-0.25830160986128	-0.497502076631556	-0.224595474661522	-0.231079769171641	-0.229471820114084	-0.217945671005894	-0.284720584689393	-0.370600586662774	-0.308666886229838	-0.307175747615497	-0.222702078645573	-0.330273774935306	-0.117698194556809
"P327v4"	-0.390460760327152	-0.290947992450646	-0.406474187183256	-0.314200341636066	-0.151056531037844	-0.173429743229431	-0.267212433751532	-0.285453501202071	-0.415269375600189	-0.285014738826825	-0.336862747067671	-0.295312573490031	-0.315785270462806	-0.100465403177833
"P327v5"	-0.261862402681433	-0.181583497225032	-0.436640040072448	-0.142426471820177	-0.169176600381986	-0.163838544810627	-0.180168954032158	-0.273474908352007	-0.2748223986335	-0.242559676245732	-0.241295370126922	-0.093136554512958	-0.264543890161373	-0.0860610259613576
"P327v6"	-0.279141365808823	-0.100493215447643	-0.524484643670835	-0.139857358517873	-0.195740520935482	-0.286190779965674	-0.220952028889654	-0.148140235921526	-0.273499020073984	-0.262634897780476	-0.257674979725027	-0.159267331269956	-0.184278999413189	-0.0981368553361125
"P327v7"	-0.278062471012085	-0.150857150418252	-0.467143345831919	-0.135982561648593	-0.167908775911453	-0.246198404244225	-0.200251566745569	-0.187897542071027	-0.155944695469957	-0.238960723773454	-0.213087605258625	0.0131101580166975	-0.177555276941023	-0.081030322615713
"P327v8"	-0.219936411470715	-0.0608879840348171	-0.532208143784607	0.0288089528222031	-0.243605516557094	-0.353445862653514	-0.206141151256759	-0.149964080396892	-0.0203466385227274	-0.27917171587352	-0.141344397148284	-0.0569468607083464	-0.112556951794773	-0.132820945724816
"P327v9"	-0.20774037747544	-0.090793379715535	-0.562216860580681	-0.00587697056468302	-0.161812377064115	-0.363442587101077	-0.317627922210713	-0.293880988651283	-0.0916608598770163	-0.294838101274779	-0.224620702230062	-0.0859533667092902	-0.0705872425920735	-0.134260633623391
"P327v10"	-0.29530671659989	-0.114890850558784	-0.507142430661404	-0.081818014817686	-0.240047721526054	-0.259692546874361	-0.275915644554702	-0.311784351486584	-0.16238363036023	-0.310885817797995	-0.207983059540018	-0.119368221308782	-0.219785146225474	-0.0666437549259324
"P375v1"	0.009534979588577	0.165174625068944	-0.361195826410836	0.018502709622075	0.0642129478096687	0.0385222865334615	-0.212664034426348	-0.153402752097936	-0.103053425988147	-0.254489674003137	-0.0750672134545691	0.0867051747200547	-0.239377855712984	0.0862666024755899
"P375v2"	-0.102530586353395	-0.215501055542053	-0.431267312305753	-0.17883583091917	-0.0945416905344063	0.0189959805644842	-0.183594283936286	-0.323873957623011	-0.344877719061124	-0.271196177347037	-0.233685098589367	-0.12937177430372	-0.273747730767557	0.0612375876658137
"P375v3"	-0.177734676172164	-0.128351896636711	-0.473454607129595	-0.0995518196213655	-0.237096644392157	-0.2667586324694	-0.177206890624497	-0.239160444638148	-0.0808771242252835	-0.257459229382262	-0.133486086903196	-0.148398613101786	-0.206728246462453	-0.0933761564215631
"P375v4"	-0.16552167894832	-0.228352201190485	-0.462770759954487	-0.222941662836325	-0.0888666865330519	0.0103808851931358	-0.242323754413836	-0.354014765205436	-0.341958817542308	-0.308838305898524	-0.258212436604996	-0.138085563440647	-0.341399116062957	0.0147475288399665
"P375v5"	-0.230425275194539	-0.204917327281283	-0.502639289013712	-0.221356065621635	-0.174504683474707	-0.105271046128764	-0.236893392047405	-0.297000803028047	-0.324587635630009	-0.350695186019295	-0.265220735289487	-0.11820337935949	-0.36387478056427	-0.0611791378884367
"P375v6"	-0.205854368069729	-0.214710015831854	-0.497715417073768	-0.199984635033246	-0.151268481633729	-0.095639787902286	-0.20322862813343	-0.331948390594148	-0.326341920526552	-0.33866014832112	-0.232500761197498	-0.0916134959273231	-0.345152144022034	-0.0509824927110437
"P375v7"	-0.1125748126382	-0.257076413359208	-0.445017184076587	-0.143753380219696	-0.107983026940989	-0.100948040389662	-0.199140747776191	-0.284817542209707	-0.333412185032254	-0.287654799679401	-0.163394983672103	-0.0776962048195314	-0.329362630638351	0.0137476283978215
"P375v8"	-0.166455823596034	-0.118441060333701	-0.523850952927392	-0.049212937582989	-0.305660659289071	-0.394529587176766	-0.155298246693482	-0.173072519508997	0.0658731511490269	-0.194900853473423	-0.0724564822337193	-0.120158627882379	-0.0890052331287197	-0.111877169716957
"P375v9"	-0.142280490673562	-0.284708912573979	-0.435101692690738	-0.245628484323055	-0.14882553924449	-0.0414084856194331	-0.246871011446703	-0.394734066273223	-0.349825658224692	-0.364703442950782	-0.233015279182287	-0.178139087175401	-0.399228298001591	0.0219154640127469
"P375v10"	-0.238023765292422	-0.218014867324516	-0.50700563005209	-0.222415055392994	-0.155656526363556	-0.0880256506966033	-0.209267505594852	-0.295672733957218	-0.305804428264418	-0.32204896620795	-0.246091174986211	-0.0795572485312457	-0.343228961907722	-0.0523121742369395
"P453v1"	0.0119310495673379	-0.0976615638003338	-0.543879920289417	0.0266110986934796	-0.387075296128967	-0.574654706379191	-0.284953002949893	0.172725029525642	0.361844799298992	-0.29050745335905	-0.186266416514354	-0.237873697736682	0.306172234138202	0.0124870605219695
"P453v2"	-0.0196492010370722	-0.1385056346304	-0.551477008851041	0.0258825858625591	-0.373131660369946	-0.567030328149807	-0.282111319677048	0.0124445152539423	-0.0224931053303108	-0.352102782106886	-0.178964882299347	-0.273941767269084	0.0413652717993786	0.00855157998966614
"P453v3"	0.0580719031841078	-0.108155512125509	-0.598768410434305	0.100250663221519	-0.386497119825704	-0.612097507922275	-0.162340656798898	0.190909404651802	-0.116951396068511	-0.331022073402223	-0.113725114059189	-0.233255138466198	-0.00300682363194187	0.0818543646511809
"P453v4"	-0.248694624388229	-0.0646013520797718	-0.292868557132207	-0.162039556042187	-0.0359562165200108	-0.0666233299591094	-0.39112993355712	-0.269734796108221	0.0162413361930392	-0.278403811466968	-0.262051966380366	-0.246493614552804	-0.0657902475689534	-0.0280696726283682
"P453v5"	-0.203239561194312	-0.0535386061941553	-0.30382567931725	-0.13686758965499	0.0747144022640131	0.114024901601536	-0.345831168312186	-0.397368387870783	-0.230921332735502	-0.191033886009979	-0.249487661788351	-0.187109716441909	-0.281893967290615	0.0881106465569933
"P453v6"	-0.305706143779827	0.0303400904318812	-0.404924066354691	-0.015603801534145	-0.122977846589516	-0.179655963525447	-0.30534932420182	-0.275387930128537	-0.122657824480336	-0.206800285586649	-0.20769457811077	-0.131413806786343	-0.201042320129563	-0.0296219728898946
"P453v7"	-0.247833524118616	0.00609486126014828	-0.468198919789962	-0.0284848419263052	-0.167697035618158	-0.227506000661295	-0.308552565132368	-0.274015283247332	-0.111754087924658	-0.252941020226117	-0.169398915119163	-0.0468567881887596	-0.254710812164832	-0.0258207723354563
"P453v8"	-0.296549237836417	0.103348385025714	-0.532535236548255	0.0545396058391969	-0.258003536886916	-0.321791930111143	-0.251816044886673	-0.0733724516415141	0.000939721601637137	-0.290231798729189	-0.129869042395433	-0.0522816224759394	-0.17020682382096	-0.096529243861606
"P453v9"	-0.233958966485741	-0.0235471839749874	-0.249957769071142	-0.0701637949082318	0.00734377879437167	-0.00920237567733934	-0.304205076009087	-0.316417407825812	-0.188258749904801	-0.197227504686111	-0.180498882439955	-0.0841072826303423	-0.256115449755756	0.0770368865203648
"P453v10"	-0.206237497258763	-0.0331583468840765	-0.0661091055816267	-0.163109382546304	0.0304062076101822	0.0996107301429275	-0.245124630088079	-0.327634292794439	-0.338676102528083	-0.193400044330162	-0.204788369283705	-0.0505668836633398	-0.297977400702373	0.0634839993758265
"P456v1"	-0.355918730428135	-0.0858914913185201	-0.417584971448266	-0.193322544426065	-0.1992881031534	-0.185261773708359	-0.288821790152428	-0.275610708196727	-0.295986979586608	-0.290578085567266	-0.309783643666552	-0.224350456409899	-0.299385527200893	-0.0706267205939872
"P456v2"	-0.00639266679350171	0.227230804485847	-0.255276244748345	0.0690688913670418	-0.0360283212991333	-0.144322471610316	-0.10969193450716	0.218369590999697	0.452644239754293	-0.0404122344706035	0.0650361103237493	0.133792712241823	0.233194381912521	-0.0322724799909021
"P456v3"	-0.152841470975083	-0.134204560040876	-0.546712029598009	0.0545652279177055	-0.418679525827103	-0.467651320434848	-0.174488852910573	0.0658256233896409	-0.221985261017228	-0.201218559796759	-0.290634886711141	-0.333746253271441	-0.0165648450631877	-0.0380110867909947
"P456v4"	0.0121849148178843	0.223976725370189	-0.414087001806684	0.165449372452175	-0.17356795563901	-0.161864457794278	-0.0576612931581029	0.0937382744810112	0.260748904699364	0.129264674631508	0.0341221127927554	0.260727858626996	0.126782174335787	-0.16237087476349
"P456v5"	-0.170130751716521	0.412732126316636	-0.360545485157483	0.0649265900365349	-0.0861561491294688	-0.193096225915104	-0.105435754723253	-0.126523578942882	0.482565913703019	-0.0185486063732993	0.0690002563139376	0.0641556170601656	0.105123819489489	-0.214462826719093
"P456v6"	-0.337276773381692	-0.121035337420666	-0.412338895369065	-0.168427917816152	-0.255932320678767	-0.27077407132984	-0.34255042585058	-0.272669125801259	-0.236709556382232	-0.301663070951611	-0.297363220260601	-0.337678101247104	-0.207578577869365	-0.0841766714210206
"P456v7"	-0.199353118698592	0.083444253440942	-0.545716907728665	0.224974106968017	-0.226747372809284	-0.32110485343744	-0.00688111409808787	0.0582611902928287	0.337418776562858	0.1141962892286	0.0305548955079512	0.241513281907369	0.357361056683114	-0.247644944428506
"P456v8"	0.408871368517373	0.146989596966682	-0.492181444253891	0.306495614578042	-0.14856350189049	-0.333073360910586	0.138034975867195	0.651709860216162	0.67206645317062	0.231979970950181	0.295664567171225	0.431792074458794	0.46375013030722	-0.0936281847480887
"P456v9"	-0.141528761133314	-0.0838741488988299	-0.423169038184975	-0.0286414783435645	-0.243749659598175	-0.370306780073168	-0.217595178027872	-0.0967742627233873	-0.059807103314457	-0.273758812738043	-0.14434180485131	-0.137938767592647	-0.192447824868626	-0.117898483209341
"P456v10"	-0.015488503212964	0.178258393978516	-0.421224565212971	0.101160399255608	-0.105812172677793	-0.278868166583803	-0.168940332652152	0.591671500837312	0.719118200008748	-0.141159051906609	0.109988834893097	0.11785005428375	0.397301952157317	-0.0551229724961584
"P300v1"	-0.202691515129415	-0.219417579346682	-0.495426158171619	-0.114624905895515	-0.166587504019737	-0.215565490293352	-0.270959513478127	-0.25032039888932	0.0267585373600458	-0.307309922513685	-0.118639336413102	-0.0413628089685315	-0.0842984064010379	-0.135432153134928
"P300v4"	-0.290546436346665	-0.34446523189643	-0.40000274488383	-0.203459761893286	-0.240250891240689	-0.221216213068206	-0.394195498268449	-0.286340462312873	-0.336106043750867	-0.370100384902505	-0.347289610081089	-0.309388681831335	-0.226384229645496	-0.184026436827958
"P300v5"	-0.171965475920142	-0.145646930670619	-0.469936268400304	-0.066527459764119	-0.115792486940033	-0.000636882066463612	-0.176742189344725	-0.180229941312719	-0.142076337733874	-0.324617632337825	-0.22638507282632	0.180221574981206	-0.163543361354169	-0.10431885085865
"P300v6"	-0.212727116258798	-0.265212231997219	-0.462737623402291	-0.172649384295842	-0.21651160633072	-0.269135976163419	-0.349865130156057	-0.24464888669609	-0.318229358622361	-0.396654870934108	-0.298680683314801	-0.287308196250893	-0.237069842925316	-0.131137776877917
"P300v7"	-0.25598999297296	-0.191880122920013	-0.399377517053701	-0.179041339794008	0.0443379294824853	0.131407152612576	-0.320193370824541	-0.309051156947268	-0.234826383698971	-0.298807242193596	-0.253018091843247	-0.0300700691072124	-0.270807526155237	-0.0658312829625413
"P300v8"	-0.226737986744226	-0.125625784057638	-0.486954452592077	-0.0657226450303441	-0.0279295383825359	0.0305730209372101	-0.29978405214375	-0.221671573616029	-0.0436365784195152	-0.342916881836658	-0.206824819116947	0.0300275795769232	-0.116191181388494	-0.013121448476878
"P300v10"	-0.168476834058794	-0.148924661046201	-0.404372218807536	-0.138936691290106	-0.024717306473425	0.126528841628726	-0.278050421112016	-0.168563929218317	-0.044809470761498	-0.321399720885119	-0.220058698589671	-0.0108004585330374	0.0231047630966834	0.0232226786363092
"P41V"	-0.0148662160962792	-0.0498863366033053	-0.278329684583822	0.0491808891766608	0.116525592230894	0.291167560093358	-0.135916150042285	-0.140806224620005	-0.27502536481991	-0.301990734309046	-0.0382279484070793	-0.0290998990474158	-0.000679926020625462	0.243142388638307
"P41P"	-0.111432865308749	-0.135748312135492	-0.32190005579662	-0.0506552110746077	-0.0718155970449614	-0.00116967253160241	-0.224103308717184	-0.257262095548739	-0.229237204073852	-0.333449074544555	-0.151150344333188	-0.199045146229791	-0.0191286080792003	0.189658762670627
"P41Y"	0.334338338554933	-0.0811345593497201	-0.392772102750721	0.0732958416486565	0.0272746561949296	0.0534658510467071	-0.020327703974177	-0.0735134533652113	-0.271732990522625	-0.220146587556044	0.0670118384395538	0.0730608001440884	0.00827897922884083	0.251149649414557
"P41G"	0.211796254086062	-0.0710814321733039	-0.40920499173865	0.047161882994894	0.0318240257160121	0.0553646156837489	-0.101482470494721	-0.086057896233802	-0.307156486657536	-0.263880197394463	0.0140202939455184	0.0164490231664415	-0.0366330935339507	0.212115120743811
"P41v5"	-0.00854549634219759	-0.231885241139663	-0.431717295035555	-0.0765415722846626	-0.130282778572995	-0.13276678309333	-0.216097792009345	-0.234551380448836	-0.324312909874389	-0.37921550599902	-0.132782628863255	-0.103997587150261	-0.133781975921188	0.0928954052941353
"P41v6"	-0.139818112180078	-0.143957485962079	-0.37623256466668	-0.0361654489305545	-0.032163323646237	0.0118165820202388	-0.173067486851042	-0.205549426158261	-0.239927927790267	-0.252018634487236	-0.0537540963777239	-0.0461002866210206	-0.0683173917904904	0.113386321840955
"P41v7"	-0.162341703517069	-0.257415354840404	-0.421516241673757	-0.0633322111286837	-0.134698092263391	-0.0519814251822165	-0.204886603903605	-0.151073358385745	-0.349363213313429	-0.385470560957458	-0.193184962417992	-0.145416133219254	-0.0295988900043063	0.125128679038785
"P41v8"	-0.269608398343357	-0.329236631059246	-0.442999956015293	-0.198405817847183	-0.249494017188484	-0.205699798625152	-0.297968296712771	-0.278998587285255	-0.394679621803939	-0.424877127677825	-0.257661836620369	-0.24224731396774	-0.222099907951584	-0.00529766526292388
"P41v9"	-0.131792303093167	-0.219519364753398	-0.415811591895008	-0.138999803319234	-0.0826002071127881	-0.120435633049153	-0.226956576340624	-0.237215357689869	-0.278576896432557	-0.295687766702774	-0.130091290621905	-0.0956992059862561	-0.173997002871798	0.0283092758261641
"P340v1"	-0.10243063641595	0.152309026664998	-0.418676129607351	-0.0408413966159322	-0.15682863383139	-0.152445180958969	-0.157924678701352	0.0842296541605821	-0.0344116419397709	-0.219073491750378	-0.148180219383377	-0.190342904750929	-0.186001815044304	-0.0965253130755089
"P340v2"	-0.0816556492821479	-0.147419183127519	-0.528494163708717	-0.00572373348026823	-0.398455054745461	-0.382787571702924	-0.256163706285954	0.0386822443502201	-0.318626061518504	-0.248788683444716	-0.309413709486883	-0.297666933828025	-0.156921015946211	-0.0740014547046694
"P340v3"	-0.133825987749879	-0.07355007728848	-0.45900294232086	-0.1016510555451	-0.214823540681001	-0.281704657739926	-0.335272520318169	-0.229793922350378	-0.13634065852624	-0.278575842220994	-0.193125748672753	-0.246562686980062	-0.196040791610706	-0.110040130519575
"P340v4"	-0.0798102433180665	0.169300287473244	-0.422516761907385	0.0210975904494704	-0.153748648945821	-0.158247809877931	-0.138141680672031	0.0623687216780189	0.0436144044393005	-0.189235506806872	-0.159738039112112	-0.14622212781908	-0.0722138489246703	0.0409523178265892
"P340v5"	0.0529109270734833	0.103459832253323	-0.460148073408888	-0.0433089399452893	-0.156908210737608	-0.274118560056499	-0.233883751625747	0.0083536061417313	-0.0573097170048704	-0.185648459514395	-0.205470667901193	-0.278700258971345	-0.0800149626204319	-0.0726787678190097
"P340v6"	-0.0676316983593275	-0.00124299006471552	-0.490595733274853	-0.0988069484412534	-0.197214463997744	-0.287922964881947	-0.291917716002422	-0.0688729409810413	-0.139146642252298	-0.28854111094389	-0.239258445312659	-0.285088629028991	-0.15838071999454	-0.11532556344426
"P340v7"	-0.0341188451492064	0.11914980180785	-0.427434677226149	-0.0325820798775935	-0.144772300672225	-0.14087279224	-0.149149460577971	0.0604061272330193	-0.0697764348130405	-0.203422967258002	-0.149126894412773	-0.218661420617391	-0.0837773335850676	-0.0483492245656412
"P340v8"	-0.158388214008113	-0.0976659078478428	-0.317081693012085	-0.19543766061722	-0.159862323860637	-0.125249180125482	-0.347656901318451	-0.338512118640931	-0.2474586448512	-0.247932128892261	-0.191117854799817	-0.309244593494107	-0.262722255661247	-0.0485971902101009
"P340v9"	-0.0412871190014341	-0.222934272756831	-0.537503806751224	-0.192113295332645	-0.169317020677779	-0.325456223208086	-0.368962955908574	-0.20613690823683	-0.308042278201109	-0.34537965943345	-0.27118221562817	-0.195609544766941	-0.335063129255616	-0.148967596199584
"P340v10"	-0.138191736181731	-0.222019238300078	-0.4396777956859	-0.179991963287803	-0.299842252085888	-0.393274303684252	-0.311677728071123	-0.129103900507806	-0.303196230818622	-0.358921736041549	-0.226583753101449	-0.270098406257812	-0.277198104840397	-0.0616556375441062
"P302v1"	-0.0782970482725239	-0.237064813128961	-0.474166449514409	-0.174921313171552	-0.319279503301858	-0.432500922222902	-0.228381025736276	-0.132604695757262	-0.259370145434289	-0.253497437630826	-0.202119067847677	-0.250754401436933	-0.209244311957359	-0.154111819552819
"P302v2"	-0.0704381163714703	-0.220279853771942	-0.287535913573736	-0.138584076731007	-0.0694329509513184	-0.0210161582628124	-0.228071080534376	-0.171443079310536	-0.334688915483338	-0.251085736378783	-0.174963722663743	-0.128830033169586	-0.274918736364811	-0.0911192175811122
"P302v3"	-0.0414465010769556	-0.122543197374754	-0.399154170931642	-0.148728959026337	-0.317247757653813	-0.330574848991297	-0.108660022426505	-0.0604072181582698	-0.201811343181649	-0.0977927871673565	-0.103216773388015	-0.158232272182724	-0.192205351401711	-0.168263512205635
"P302v4"	0.0434025666102904	-0.0982922531094575	-0.339493385181694	-0.10262112811838	-0.191737757042018	-0.177924460917339	-0.0965933333537969	0.0933598928954015	-0.175023933497786	-0.0912119273436117	-0.0888315611629339	-0.117223935300795	-0.213463553190975	-0.161245359226041
"P302v5"	0.0440302175430851	-0.259838614311065	-0.0998312422605582	-0.222143278407348	-0.0230016214073873	0.0168756167815704	-0.201194838210187	-0.247317700544573	-0.351267839623363	-0.160878047271856	-0.148292859646088	-0.0481070094218034	-0.239236185936782	-0.0352920498073479
"P302v6"	0.130876599134328	-0.114608967040772	-0.305861881335916	-0.0741187988709836	-0.152291238918479	-0.0953286250852488	-0.0361314039199575	0.0208306616797197	-0.213590692826243	-0.0361537900081257	-0.0721256402396955	-0.0406209700740526	-0.158587295962002	-0.0570428038559052
"P302v7"	0.514999609733254	0.683602201136497	-0.508499149094099	0.568562667795295	0.0479842489379485	-0.373010518209205	0.0588700914862988	0.467920993098314	1.71426412974877	0.194042985940667	0.603130737070668	0.406497135954232	1.41105792173858	0.303011540743007
"P302v9"	0.102103484059929	-0.161537910589903	-0.280219007097078	-0.0791734892806484	-0.152282463903174	-0.104113878797702	-0.0878340612011547	-0.0803129700244272	-0.26526992048746	-0.119721434467112	-0.100164750594799	-0.100359335276376	-0.235964571423121	-0.0847195090170194
"P302v10"	0.427915481155575	-0.0559641785997838	-0.406816061715907	0.011074031844331	-0.212419490711066	-0.302037548540398	-0.0458520688725341	0.118776415136596	0.0966267729695609	-0.0584831030894964	0.045866381710646	-0.011911944880021	0.12292837749641	-0.0472907160032987
"P302v11"	0.113469366648505	-0.121665351508259	-0.323762172704748	-0.0771882596500092	-0.12005929545208	-0.0952456781147374	-0.0484382397690185	0.0716375407498273	-0.185491066152543	-0.0499981657010919	-0.0925227392519645	-0.0295074419159237	-0.139717833851148	-0.0867356786806025
"P450v1"	-0.154696991083269	-0.151579169823987	-0.02647915681374	-0.142469255885857	-0.0219101235308806	0.155688610093846	-0.248852250621973	-0.292826274611824	-0.364433015229851	-0.28677924911587	-0.192416952050397	-0.184972569325016	-0.213133698435954	0.00967212372657508
"P450v2"	-0.110726437822851	-0.155936335461217	-0.165852056153207	-0.228584738738905	0.180369260390601	0.246636156063842	-0.354990138838426	-0.190506443913563	-0.376905295969139	-0.349182194034899	-0.238137783946363	-0.155144785795095	-0.183508052774009	0.0910410379838118
"P450v3"	-0.115506408849144	-0.209830911490537	-0.224517778573856	-0.286975517944122	0.154607600548465	0.258585541451058	-0.388471781037681	-0.314979659027104	-0.446132070152403	-0.357472377725473	-0.268799838893149	-0.235892639822098	-0.196966479972293	0.156705624925038
"P450v4"	-0.213044087051134	-0.263084237640607	-0.445894956090446	-0.221378612099861	-0.253021727127225	-0.250910240731819	-0.306600862180506	-0.236658868765083	-0.404423485704067	-0.285313692326411	-0.287590866683712	-0.288299763160076	-0.284839873529265	-0.0865461688839674
"P450v5"	-0.209098610220958	-0.224594749204978	-0.493319015630448	-0.186083315861855	-0.261744595468849	-0.309860840744789	-0.306288924538875	-0.226168317513337	-0.313140372558212	-0.313923617721082	-0.266156989019242	-0.299027443058375	-0.208695521889498	-0.125885659388599
"P450v6"	-0.243957335188784	-0.202997941067288	-0.453450716881365	-0.19695848527872	-0.215113889475446	-0.218444987493228	-0.31321719542725	-0.292542769857728	-0.324319987545016	-0.289779104330081	-0.276372350181456	-0.271628846234484	-0.306398038524316	-0.126137360797417
"P450v7"	-0.165276773127492	-0.197115155269804	-0.219525938483405	-0.151171236418476	-0.0850069229542961	-0.0478009833006063	-0.273840130899419	-0.241546040954838	-0.388932304163344	-0.265885690854531	-0.277178695976727	-0.25758784483391	-0.179355769697464	-0.00408826118055145
"P450v8"	-0.21948314907967	-0.0980673922513945	0.032969220508719	-0.132629121694467	0.36094017051065	0.502183607698865	-0.279084326469892	-0.227523254048336	-0.437745623515335	-0.240469564146971	-0.216521750849287	-0.103472237975263	-0.202009940645064	0.16238833625405
"P450v9"	-0.192747326842467	-0.224953420583358	-0.350115954553131	-0.207403925395477	-0.232512735372692	-0.25229843895436	-0.278709478838129	-0.229284846686857	-0.331830244467244	-0.318339968586075	-0.269382162060038	-0.304181244514343	-0.313334472069712	-0.122957190146904
"P450v10"	-0.228488889959669	-0.150399678064205	0.145682901961279	-0.158718787677209	0.327578534201652	0.599329010990309	-0.263936310673826	-0.263025061507114	-0.475553786103658	-0.229564326240061	-0.267020256843195	-0.166914633616797	-0.158159384712786	0.0535213751130733
"P413v1"	-0.0225748375126414	0.072982954808438	1.64135801518099	0.0828223693268814	0.565483016082751	0.833497871313601	0.520362450022583	-0.167734354026518	-0.137575602046493	0.426442424761784	0.369600123022519	0.420146189037039	-0.14114087057728	0.300139132833275
"P413v2"	0.886039206064009	0.161916923939853	0.605172192195437	0.281623564108276	0.182236695491638	0.157264057058675	1.13731919679555	-0.0822326350490639	0.0882435323413632	1.06940422723461	0.555345728452875	0.278781740398102	0.355609063541421	0.211932634452889
"P413v3"	0.347679499525817	0.187206386906382	0.562377537874075	0.331242136670618	0.290091293533014	0.109041234295522	0.99897082786471	0.776135564970949	0.710364521827128	0.750933949231541	0.840217422973372	0.486794915534852	0.281577062923347	0.106281323886629
"P413v4"	0.499006388829924	0.237944757447631	0.399703398149278	0.310110455805971	0.206582745013145	0.0632330952164091	0.95220182826004	0.752357128399074	0.721674596965855	0.815364471086665	0.755880708665282	0.394410761048258	0.403787776139617	0.084127882829301
"P413v5"	-0.0373098914926458	0.206517038808138	0.462107361586475	0.136747699237625	0.147423110487793	0.13436683124717	0.130065728821904	-0.165754034900553	0.207318295070776	0.250940855486332	0.132229923677256	0.229713806568248	-0.0127946289362482	0.0413827448854247
"P413v6"	0.267958745505065	0.33128300091633	0.179219964955812	0.299427366655855	0.126086384904794	0.0387684684614527	0.634803661812512	0.0841557304432234	0.437671738377567	0.818467550684129	0.466049525696893	0.320738607269725	0.391146192536405	0.0792607841807897
"P413v7"	0.0789937137605149	0.201647525105254	0.185752508232354	0.0999993091367058	0.108025925627609	0.0431356188287866	0.511915065562112	0.22081626376757	0.385558277342911	0.519065131445979	0.371808680415529	0.198513936223943	0.0748690977953332	-0.0277456831039332
"P413v8"	0.689942587130847	0.21331207779063	0.419437227495098	0.198324834968714	0.17756289294072	0.107404519581024	0.906150375097238	-0.0811948330842842	0.326850899800832	0.915204241013657	0.597907414815752	0.274635215580223	0.0507862182745972	0.091307159837508
"P413v9"	0.250336178868154	0.334815354890232	-0.03078417389838	0.393790549410089	0.168547854953865	-0.205690754322762	0.397232708881277	0.0327437312488059	0.551167418440189	0.567292102403985	0.404268491111561	0.288216292096097	0.394372463018465	0.140596707956811
"P413v10"	-0.101391324962876	0.199525592346607	0.152832550820715	0.085767092932798	0.106231231855	0.0879859845623938	0.308327724694902	-0.0749925329728043	0.204665867393737	0.381168834445641	0.290066223217906	0.088971947225425	0.0381319231389745	0.0467294195655949
"P413surg"	-0.250786164913385	0.452783570442487	0.600454925371921	-0.0444717175060159	0.44267376637147	0.893676480413145	0.308713981301095	0.0509792099648979	0.147832317066452	0.679153617114856	0.213500936548569	0.118575763721767	0.0993331968758281	0.0980608446597177
"P454v1"	0.218912174538921	-0.0539366652915429	0.566331565934266	0.0350470042016401	0.148674121746522	0.364641675089692	0.382114423361103	-0.267081937009647	-0.20170091655183	0.467298675021971	0.150493327853495	0.0662435799208545	-0.0862628564668719	0.0644777650959359
"P454v2"	0.0915291902569498	0.232088116332521	0.765548109576133	0.00972822526373976	0.449288367198864	0.672624989172025	0.291599195113321	0.456678040311224	-0.100292825045114	0.573053298238084	0.24730314432853	0.314170262199263	-0.00963426691722099	0.0902215516922078
"P454v3"	0.127084400704296	0.109694355938333	0.664252794795006	0.0304681430574028	0.266434051115002	0.409986820352044	0.237677409748539	-0.294948271218596	0.0242985929581352	0.543914244738409	0.215548099778199	0.170781659995619	0.245820323569415	-0.000288793112929826
"P454v4"	0.429668114577801	0.243482555859321	0.252261903159973	0.211749693042065	0.179110578745911	0.170898339113334	0.713018659832586	0.603389058133821	0.712237216284069	0.84132510176922	0.546472348094177	0.212577595058424	0.333540709628711	-0.0314284674300464
"P454v5"	1.15272113912524	0.541816736724086	-0.210282209511344	0.398969762159024	0.39012249991649	0.210615259165701	0.766210395374498	3.01984308559223	0.895429632355674	0.805672938754369	0.954474353357298	0.408277770288561	0.694175104736079	0.0706712020655
"P454v6"	0.182532170369085	0.177353366578272	0.649059984949865	0.112545133062812	0.276560792963405	0.460256494131601	0.284050822957192	-0.234287600375833	0.070953057054691	0.551397428153703	0.28975866385755	0.163754491863826	0.194831455923155	-0.00607643006127833
"P454v7"	0.0510888530435731	-0.0545353228308325	0.746529564891423	-0.041395990415933	0.20568224681714	0.494658582202025	0.310386150992862	-0.20113567317617	-0.250486630928484	0.439460816203062	0.0787369023849098	0.0783618289507034	-0.067265406011647	0.032803543191923
"P454v8"	0.358482982466777	0.0317726331583251	-0.496687847713284	-0.0280221176103422	-0.355757491073687	-0.559693324301726	-0.0338661481145381	0.155635755386381	-0.0400581840465585	-0.0345430436868208	-0.103609836213752	-0.189527311632514	0.201848984822382	-0.0281087840759101
"P454v9"	0.0668079304708512	-0.0772020726792485	0.213770260531633	-0.175157722849894	-0.0950638859564127	-0.0630870757494426	0.0724554391727495	-0.163261177936972	-0.23524603285022	0.143612587835806	-0.108417404190425	-0.0934617229045241	-0.0367629356988066	-0.0684511658814391
"P454v10"	0.286570614114575	0.0126702670654582	0.602013486011983	0.0599852092883629	0.190192120474435	0.366127327040645	0.45370384031132	0.000786230782560664	0.0112485658938106	0.541897906203828	0.247945515459624	0.11753112837331	0.0417965060057401	0.0425223450181917
"P455v1"	-0.251395492846686	-0.128720068609527	-0.546348938677073	-0.141835845441253	-0.338742301603429	-0.390804410312255	-0.287840745228162	-0.0180564930316951	-0.29439972216825	-0.315578713490575	-0.282314792125999	-0.312476687279017	-0.245100118150385	-0.104022691616259
"P455v2"	-0.22944561548435	-0.0340490842160094	-0.441881439517733	-0.0532596831702347	-0.227717776341745	-0.329802363390552	-0.230720692632032	-0.154621734639783	-0.03464474486561	-0.157199053233763	-0.168211413989818	-0.331587539093321	0.113003765922288	-0.0330054231035893
"P455v3"	0.0770075850479768	0.244805614230357	-0.246765664112434	0.128633054717903	-0.219947202250209	-0.321055246875504	0.242009087101411	-0.0793778407625987	0.219798186470686	0.224836313092324	0.138192116291548	0.179475784438307	0.325980713002022	0.00204529876082202
"P455v4"	0.156305750518685	0.221664433433581	-0.273891076701469	0.144845632286393	-0.188237534606959	-0.326603888424841	0.280431294790781	-0.0115231586291265	0.205323233776984	0.281691225373736	0.239751532275737	0.174015009265125	0.283477676819802	-0.0165605372364627
"P455v5"	0.412629721853623	0.287002695876296	-0.261149292241435	0.175505095342686	-0.182613049901274	-0.269804167833155	0.531665401412629	0.169500005767507	0.310875128003774	0.643598706843369	0.371766351598724	0.177087325107934	0.556555577265026	0.0300649241264639
"P455v6"	0.6138053271075	0.545779807504762	0.100155915232095	0.554253127430392	0.222003220682568	-0.0371794537981262	1.6890169893292	0.80133901427985	1.05068973608387	2.12095100308805	0.833338348899264	0.614092573254494	1.2389672708857	0.180686235196428
"P455v7"	0.376054003217133	0.225851906236554	0.0253042684240678	0.19655312652594	-0.0268284247701179	-0.175882365022864	0.815578872388096	0.189413466152336	0.307447154746025	0.841191523704076	0.462765191411437	0.17888259538695	0.645912854793641	0.0229873229012505
"P455v8"	0.112670753262688	0.0697942905551032	-0.0946880531661657	-0.0213144915431848	-0.228499077198878	-0.210361757337429	0.282284958761338	-0.117303986017213	-0.0407060923642724	0.235690467414562	0.112670855177339	0.0820411737439357	0.11758437210436	0.00322277616968989
"P455v9"	0.286080808639817	0.398039513475593	-0.155083380815616	0.250473914424276	-0.0928792979691647	-0.235797426445093	0.508515314358137	0.194529599920706	0.366097270349527	0.608022668012358	0.425193529695786	0.251343316236674	0.538840840129446	0.0338576035485317
"P455v10"	-0.00337472125033783	-0.162924932136234	-0.584181186104075	0.032950162171196	-0.376432867678889	-0.516442207486818	-0.162524352121221	0.0294181606544895	-0.273024270322296	-0.311479019737992	-0.220194237383603	-0.235855939439664	-0.179864793391445	0.00596848010277947
"P457v2"	0.403114359363166	0.69890819703589	-0.388972804502388	0.634886798842936	-0.0376657439196238	-0.324922321793195	0.730668377696778	1.66432264245263	1.51475163551683	0.698708742151927	0.658016765620367	0.386441656696158	0.911018498019781	0.0665637616049889
"P457v3"	-0.393997036871691	0.116655503952596	-0.386423118970605	-0.0605204806096495	-0.194067405406394	-0.141176960353323	-0.321252499168193	-0.127148415502908	0.0346198609291117	-0.149235413397962	-0.24991632407654	-0.373350970504136	0.115446501658492	-0.0535219188938451
"P457v6"	-0.276812963693358	0.258395959662133	-0.459968898944924	0.0994495872649534	-0.203181884266804	-0.371324266472115	-0.204923692705886	-0.208873877107042	0.207194960673856	-0.0224053247649742	-0.132108159646281	-0.128624295353456	0.164376645036116	-0.102001974133757
"P457v8"	0.337824516715192	0.256453367723208	-0.200914755168056	0.232300201442368	-0.0435223512395317	-0.150591849469952	0.367599505211985	0.833797120102162	1.31692988255774	0.311452757545212	0.583175920501359	0.249039330823418	0.604559471611159	0.0893671750629767
"P457v9"	0.268337737013561	1.03606703424092	-0.241615463146261	0.149916147159009	0.55054130196073	0.337669022022627	0.710521969867181	3.26022508304954	2.06802903770805	0.613371860823496	1.09612731502168	0.217875490846153	1.3464664537936	0.0844782817522267
"P457v10"	0.872328452647459	0.466088013059455	-0.038075878820339	0.460185838186427	0.236538594203703	-0.0175485476692422	0.928197046517986	2.32664245139255	2.99691042537784	0.631654628668301	1.2937842465079	0.438152605383623	2.00408926955148	0.161262658797874
"P452v1"	0.0556692952132891	0.182179354579921	1.12901555791686	0.0652667339096349	0.33228270493973	0.603022998056608	0.0253583247437205	-0.161765756415984	-0.288205034379777	0.0353433696936634	0.275038630880219	0.293269741895053	0.1320318544542	-0.0195367054147603
"P452v2"	0.0298608195084921	-0.153004775886706	1.72310916020572	-0.0899612469680489	0.385730392489032	0.801391600779869	0.138158264541381	-0.465537725765562	-0.330209295047692	-0.0739596226430852	0.0913538856083557	0.474375371740282	0.0671456222957393	0.13560339026692
"P452v3"	0.205113634841485	-0.161013460098615	0.510947083435485	0.000516590295105008	0.0041303985394947	0.168704048842251	-0.0415252845444913	0.564050614839399	-0.134922460151318	-0.17814865805692	0.157013046043367	0.198267223410813	0.264967308780236	0.0708462997180854
"P452v4"	0.014807166197223	-0.229914854421964	-0.122631913549971	0.0175773917096796	-0.204060313627768	-0.118443333040249	-0.174139605398354	-0.24221459192204	-0.165144158934834	-0.33898808927512	-0.0507469853949086	-0.00259765686974706	0.0647849931181202	-0.0535141790994711
"P452v5"	-0.108809432445816	-0.256738095852135	0.00581092292519042	-0.0747904657753466	-0.180821456915379	-0.0631379504846427	-0.237658831195073	-0.316344985836553	-0.235289905985616	-0.33054744788994	-0.0970035845625142	-0.0758874613099972	-0.0612451847665818	-0.0998319441762096
"P452v6"	-0.143824777966953	-0.289638375734866	0.0262583239540811	0.00253312564065627	-0.193794295201274	-0.115411716732662	-0.104735466238713	-0.240488804009297	-0.343167759989708	-0.429398219316759	-0.131915976949713	0.0280381478619756	-0.169351313264888	0.0229830344859588
"P452v7"	-0.0836014026784794	-0.14641905121867	0.20682706146412	-0.0903712844978102	-0.160221615889252	-0.0683007451403367	-0.089207631345055	-0.290845008444983	-0.186026406629086	-0.222328515120461	-0.109897770071155	0.0288856372768288	0.0256398415200192	-0.0718609003981457
"P452v8"	0.0557692454590008	-0.0364489589781951	0.321297866884667	-0.0442932167506664	-0.0527915610550501	0.0576138286725145	-0.0279420870184885	0.339958561645973	-0.00640814898359632	-0.113874824237779	0.0687161330008005	0.161058294232533	0.284255514311741	-0.0496563935659802
"P452v9"	0.0423727078396937	-0.214200698949286	0.0324187846857101	-0.00822071170318031	-0.219807086154482	-0.149214685074346	-0.013663719178266	-0.223752254953395	-0.262474407722505	-0.306552370996031	-0.0508530810740844	0.0909632394694799	-0.0110028361343893	-0.0610874678270768
"P452v10"	0.0094394371940006	-0.148523398386608	1.39120616089562	-0.0617168304517775	0.112905963788322	0.270824100682203	0.0557467442108171	-0.338710366415073	-0.237175008111788	0.034816667374586	0.0864731536967652	0.414802008149268	-0.168247652585613	0.0447676795601253
"P260v1"	-0.189340520437013	-0.231504175185067	0.713192745570683	-0.169234072077771	0.107037609379273	0.213557576996784	-0.146252370116527	-0.307962029672379	-0.371005621420413	-0.176155325380572	-0.193791653946381	-0.060251343013254	-0.147276693315316	-0.0352616335532142
"P260v2"	-0.0529102411716869	-0.103205172127809	1.59007494137704	-0.110080265927625	0.480597401139126	0.837058135732233	0.0274691684908007	-0.354684212168623	-0.373689188786362	-0.11429016957018	-0.157618169021619	0.130608055342578	-0.126155551876551	0.00414467665836579
"P260v3"	-0.104778361067952	-0.176295565552242	1.25742955961266	-0.147096767917712	0.35607090075479	0.601233168518095	-0.0653974405070877	-0.363507955283041	-0.379564875689033	-0.077194277978369	-0.171009055290196	0.0783137284361524	-0.135790504260237	-0.0158635426886795
"P260v4"	-0.140198281532571	-0.163663856302248	0.73762104753235	-0.136075717731299	0.0902732326503456	0.265768588141436	-0.114282173788053	-0.309020862380979	-0.350446493680005	-0.148244613255167	-0.190193852465098	-0.0451549420614375	-0.168719413292336	-0.0450430109701569
"P260v5"	0.00707042657662035	-0.204940142689347	0.742462536388126	-0.0884810104906153	0.115700544666541	0.185716414456113	-0.00885217041945998	-0.302803469473601	-0.334722178451156	-0.0323119651365631	-0.0971302244438299	-0.027029368044587	-0.136233130244204	-0.0423809817663978
"P260v6"	-0.0448612934423777	-0.072595859451798	1.4338095065924	-0.0969491626216126	0.414124100887356	0.735091085341122	0.0137469486725585	-0.353093683664956	-0.328566528587977	-0.0121722337222356	-0.0832622444865821	0.135911226823101	-0.141386017580533	0.0107605089859486
"P260v7"	-0.0168888033728035	-0.0875730818193023	1.52089555032237	-0.0609496522868363	0.486449585155859	0.820389117947433	0.0221743270825079	-0.369300826268655	-0.354087071757209	-0.0689722298822848	-0.0740831363525397	0.153501210581019	-0.0874404274818218	0.0774077824452889
"P260v8"	0.0343817607806604	0.0332422388003868	1.94909183403779	-0.0634513696768265	0.705156486034703	1.13647182228041	0.135718613103759	-0.358732287691955	-0.264982511654502	0.0840859141701952	-0.0336255942178003	0.264632724760103	-0.0711889245943644	0.118006803910842
"P260v9"	0.0806155590764622	0.0532091330536966	1.92060624949831	-0.0428820224150209	0.711290368507939	1.1739507817971	0.136893506363969	-0.372886796875653	-0.332513806491391	0.107795241068378	-0.00745856840472337	0.248783205949619	-0.135113078193496	0.118427114734945
"P260v10"	0.163017806565861	0.0540066549294999	1.90105559387887	-0.0141425748490606	0.674716350130348	1.07973220102221	0.150285759531084	-0.315097233891883	-0.265168601768399	0.161313436418862	0.0311362975617212	0.29478500280823	-0.0911614933333284	0.10007022583875
"P260v11"	0.19926820581445	-0.0860986078479761	-0.542469878932226	0.125009652421337	-0.359482115190215	-0.580506868526965	-0.12475176712312	0.0661855805290191	-0.181994479636836	-0.270965591961872	-0.0917925579844514	-0.181744804497567	0.0766904510885043	0.0126905126324241
"P260v12"	0.0940110526385693	0.143181703721934	2.29009620713714	0.16900023781192	1.05819129714096	1.43058286957178	0.369995005429271	-0.16064504381851	-0.340459275939593	0.339197557357538	0.235319856860506	0.57497715061848	-0.0434681495147215	0.295795202908567
"P260v13"	0.126984917357363	0.0604738269835367	1.99270005877973	0.127697174529887	0.905990884667759	1.22833228879213	0.307746505057139	-0.0358602266911233	-0.363579909580126	0.295560180735616	0.336356664256163	0.498504611201487	-0.050615623759421	0.302407430947298
"P260v14"	-0.0300277700324868	0.0253674748921629	2.07469687971286	0.0953637935782008	0.909875247244919	1.24359530550234	0.10809077241353	-0.00642948258339358	-0.393555652270393	0.0927014595756192	0.0701459181737921	0.459740173365423	-0.0901888557951026	0.296853635195201
"P260v15"	0.0708823700274621	-0.182826458700057	0.0489016617627945	-0.0222022366500815	-0.161407879281816	-0.277729258833857	-0.166365589490016	-0.0779740445799603	-0.228473781884777	-0.242238163781354	-0.106897592017266	-0.134870351236878	-0.0500617056960676	-0.00875521157882327
"P260v17"	-0.228444250872939	-0.121397562102914	-0.487199630721198	-0.083790201409889	-0.362539018039229	-0.439367967324192	-0.313009877687326	-0.0847221043371013	-0.289839379981338	-0.326772694496554	-0.286623208354356	-0.332871601008471	-0.115504909517755	-0.0892184663199449
"P260v18"	-0.0482859794874395	0.0380793358966564	2.01344430464285	0.0771393465858552	0.95084640329088	1.28356371308927	0.113742355412486	0.13804784313558	-0.412694448508134	0.156742953460602	0.0936810837063922	0.57416711359804	-0.118065908692999	0.320630034550323
"P260v19"	0.0533153804616557	0.0590876922118179	2.8415798643489	0.0472136772938328	1.1341273961919	1.60561023759964	0.293931271976316	-0.419754350927672	-0.405898220219426	0.320280329945974	0.110868178091581	0.583412984941592	-0.181819870130548	0.226222578826356
"P260v20"	-0.205965445494055	-0.282927791586417	0.753352570763215	-0.170975541064253	0.0689287618857564	0.179423831713808	-0.153541141263769	-0.348970693359995	-0.347497402500502	-0.14571743131691	-0.174427693391905	-0.0467266107178019	-0.0622438988899674	0.0255057842436433
"P475v1"	-0.139882989029515	0.0367060545568268	2.3113106795936	0.0904656477727046	0.769932726456327	1.14001538544522	0.206938407216268	0.426969101127733	-0.111522909674047	0.149645011844731	0.0625048490547535	0.000707172923840191	-0.212490510429153	0.219529606661301
"P475v2"	-0.0511805832308562	0.454049475342605	4.62848960278257	0.253724175853041	1.97062225259389	2.06893236165805	0.272592980689843	0.761274437941807	-0.201648990362815	0.573939286665295	0.172391446208911	0.718636153477092	-0.333797767908401	0.422402256142279
"P475v3"	-0.195694908886776	0.0318448834125022	2.38482634360394	-0.0448924853262206	0.871429917319907	0.994219561960327	0.0704146333511028	0.482410518578028	-0.211694490353269	0.135971778933661	0.00152083663561555	0.0841508085947785	-0.298339109345957	0.125149770430631
"P475v4"	0.14723571738771	0.0422664758216228	-0.123512347941223	0.0288594219124776	-0.222553842190085	-0.427035846864336	-0.0706433177050979	-0.11378455614424	0.135029103854369	0.0861594390461057	0.0129011451141817	-0.186379989846566	0.0651672313069311	-0.0827583051556283
"P475v5"	0.76505685689258	0.0664151351505675	0.363777780479185	0.062070022026152	0.14070642893828	-0.082566050911497	0.660626317139033	1.0068282136401	0.159302582246271	0.887039538669747	0.532188248581155	-0.103861364760163	0.0666315243773454	0.0155635820061954
"P475v6"	0.199595736048527	0.539234521180551	1.48637020400862	0.340850575166653	0.487638760340744	0.200050641511197	0.0897620714494617	0.303755008494099	0.544816034421649	0.220344178416748	0.321198770359975	0.293657640410742	0.578177752328958	0.333328143728828
"P475v7"	0.203396423877879	0.330976415799078	-0.430908864261333	0.263688622804544	-0.211858135226859	-0.376275622708523	-0.0637404429027127	0.162888871910187	0.734838362453255	0.123956270737682	0.0356505677282934	-0.0590615747179768	0.397133028643634	0.00460107360614511
"P475v8"	0.162188402698811	0.623232239822186	-0.413952373561883	0.399494579262347	-0.145665677120052	-0.356824838841902	0.390303344183903	0.466699036971874	0.814148774472769	0.56020997342002	0.29256491663556	0.14301543067133	0.492750033260115	-0.00909910600078337
"P481v1"	-0.0895376940804599	-0.118443818458032	-0.520940490919383	-0.0630622733892208	-0.359546503193443	-0.507316220924883	-0.303392880864973	0.0240340875634948	-0.057343287019203	-0.270574583291703	-0.239910283627713	-0.364682064541598	0.0427996274422377	-0.107780657707176
"P481v2"	0.496368054137041	0.216254919049217	-0.409094694790942	0.117657781434235	-0.0787054223872231	-0.324012670465272	0.39128285381707	0.655863669490017	0.442215188848585	0.46807586145213	0.513728395019876	0.0340593932146946	0.158027345074589	-0.168108632353192
"P481v3"	0.367383963987706	0.0530602996533895	-0.45511636900518	0.00290172597130741	-0.260083783858457	-0.465606015962209	-0.00683183853214536	-0.134999279503264	0.318476473359128	0.0880309096269817	0.127959539175392	-0.212114617096674	0.236095217122039	-0.124771252349884
"P481v4"	0.408311909613495	0.453270786448538	-0.234624962225096	0.143176624088467	0.21437739417998	0.0625926509741327	0.430309803345662	1.64937623027149	0.413802477537413	0.626823861115669	0.691164352115323	0.105275622242919	0.0180369395865114	-0.125275547588482
"P481v5"	0.354415426836426	0.255867862352785	-0.355689787166813	0.0254494015051372	-0.079425242035762	-0.261254291485419	0.266935264953562	0.759723448731352	0.438865849725111	0.420805638435102	0.384265535193654	-0.0130377201233502	0.143211588161384	-0.216529116688522
"P481v6"	0.137514518565942	0.283986436488064	-0.431663149671587	0.0926932886028507	-0.288666906685573	-0.435161245984266	0.190258239957802	0.0541638025075513	0.468952143595444	0.417593594167183	0.229658010890393	-0.159813585322552	0.286201589877829	-0.175179993175041
"P481v7"	0.229352031052246	0.283386387991813	-0.379108556365296	0.0582200227215618	-0.222721301145112	-0.288052825487677	0.0755482096803191	-0.0503725699531231	0.411928917990834	0.188310765804391	0.11460217648935	-0.249874048635478	0.197161674559213	-0.191694088933931
"P481v8"	0.486884297817585	0.438300552443052	-0.190211851560808	0.200642188317322	0.198831892832253	0.237164952019667	0.548048440082223	2.85029769947997	0.838167391134268	0.793549413057073	0.865212187734296	0.0815172866722222	0.107580848013128	-0.101205627379534
"P481v10"	-0.109276416347491	0.331198135487876	-0.402556981480568	0.0829414791413968	-0.134370764162845	-0.301466944682517	0.16611133078246	0.429039681770849	0.681546151134799	0.25623674660714	0.178605719020174	-0.149373958837546	0.467535510735288	-0.231276947646137
"P482v1"	0.297788615897064	-0.0138049812594291	-0.372822112677641	0.0217778942143333	-0.00907751965284504	-0.304238063145974	-0.170099135607484	-0.177776569797279	-0.0914634782197759	-0.265270405272549	-0.0242197168820554	-0.175992616950902	-0.0155041054698255	0.0812747263967606
"P482v2"	-0.203565170234399	-0.110523507211881	-0.347005770660151	-0.0643056406894246	-0.0612143198052762	-0.0995736530313264	-0.227849885736698	-0.245080496828788	-0.100515468522131	-0.32278114694024	-0.213787708809304	-0.090710879021778	-0.278803001968954	-0.0234521402993235
"P482v3"	0.230010544334925	-0.025534967294822	-0.384930498260194	0.0938394566700881	-0.157926433952394	-0.253276808714539	0.131111400693207	-0.0684254230351813	0.514461466479813	0.0313205277971775	-0.0194708672676751	0.173924093375245	0.0532151111244524	-0.0605192882269741
"P482v4"	0.00214277079098867	-0.0765072240648979	-0.430755334740304	0.0386391692772295	-0.121574304040315	-0.187618075024749	-0.127535107883381	-0.173578851550358	0.440131174203823	-0.185915347880922	-0.132902212510671	0.103046756704239	-0.125481025596472	0.0198132057659242
"P482v5"	0.0443034616122438	-0.0636106521633112	-0.41844139752384	0.0635652476330866	-0.141606127298812	-0.221801456144765	-0.0100016884966598	-0.0601494396706018	0.672429427715876	-0.0717088082317959	-0.0661724311139119	0.125910334491407	0.156479425041726	0.0127013432972914
"P482v6"	0.181405252026609	-0.0927938440828042	-0.3469183023463	-0.0455157822063921	-0.224851604129023	-0.308666785510783	-0.017325849550236	-0.222980834919707	0.0567056998817202	-0.105314867705195	-0.136464050611875	-0.112056331967816	-0.0459366320901258	-0.0606425350243315
"P482v7"	-0.0146641444424218	-0.0791908073723645	-0.360712882907719	0.0136254204112868	-0.123210849752825	-0.101298719120557	0.0370056722454617	-0.194480592287279	-0.104865452457886	-0.0779796090456265	-0.106949457485803	0.0937590565226505	-0.231625386780505	-0.00818617388728706
"P482v8"	-0.110271966107497	-0.143605290229728	-0.342359946467466	-0.0485027619680565	-0.193432042595319	-0.132190627933563	-0.0352338223086216	-0.267417662723658	-0.110474517103902	-0.118597472134607	-0.168971594652562	0.0020106942460544	-0.289077818235529	-0.0347140057887589
"P482v9"	0.106674450894607	-0.0025118221379668	0.117657654856048	0.0780403733827411	0.0384968548484966	-0.0190801147881735	0.0479141094170727	-0.16160078221519	-0.0594648505004524	-0.0584804199846921	0.0744279226360877	0.0838771933247563	-0.0956736625351609	0.0496940986397385
"P482v10"	-0.136885474504847	-0.10224305309798	0.169460607652021	-0.0323768558177415	-0.00971687439559337	0.0477792858246155	-0.0538262727408342	-0.230800821660889	-0.151938021270036	-0.10914800988771	0.0261066272929732	-0.0200569711767344	-0.269512438074188	-0.0023026633585776
"P485v1"	-0.0939480712245482	-0.172327053791078	-0.472931653715644	0.0538553936292117	-0.354726105963964	-0.39588642020717	-0.211217331883329	0.0295435741123181	-0.215942008079065	-0.129080928107946	-0.239416009421384	-0.268420024093411	0.0768410232038621	0.019934950248188
"P485v2"	-0.131638444724083	-0.0294971130586549	-0.307699435641251	-0.0521072101783153	-0.205896309001724	-0.285866880442393	-0.155175719945785	-0.148032198891335	0.140800403269399	-0.101575412564833	-0.121284073845226	-0.250440597473708	0.195864971846419	-0.013595533653857
"P485v3"	-0.140037341181752	-0.165896754691961	-0.420286272370728	0.0642454848466052	-0.329697356453395	-0.384873878605543	-0.23153948191167	0.013375358463543	-0.22456434273564	-0.157508797589568	-0.223529250440873	-0.251083188797504	0.0351111806278787	0.0195013167360407
"P485v4"	-0.049303166563742	0.108624863109308	-0.0449740394592494	0.154700835048066	0.141001853036416	-0.0391280347387847	0.0699773746385619	-0.192323209239412	0.417093346373436	0.221411322431618	0.0797550387148817	0.248993220985287	0.282167282028182	-0.0198693519587951
"P485v5"	0.16024399702052	-0.0425619822740571	0.826122610613196	0.0300665673228506	0.314144240833429	0.461231450906397	0.603417017485798	-0.20194071343927	-0.0947296689881092	0.561722237010385	0.171103490979578	0.203635020679756	-0.0864638799563854	0.0690250193489299
"P485v6"	0.099895093365021	0.0918595860778113	-0.176608975829287	0.328810987372517	0.0288338765515384	-0.152888621491539	0.449505683481601	-0.0296995592015602	0.490443837126001	0.548689751859978	0.204088954717682	0.271903145211431	0.157967962468991	-0.0138402301961528
"P485v7"	-0.12229447705113	0.107444502449717	-0.0427537008088741	0.101913888750875	0.142092972454558	0.0391493836259406	-0.00777801306576813	-0.201738175760601	0.230619359456489	0.171222375777287	0.0250577480747711	0.21479883039178	0.0374342073247187	-0.0281225942624602
"P485v8"	-0.211559005675218	-0.180072120173179	-0.42256545857248	-0.0581351561666293	-0.373876018944137	-0.395908974725454	-0.253313300353845	-0.0530670082857299	-0.221416873206262	-0.210097701760241	-0.277053148539955	-0.350434887779586	-0.00232133844174456	-0.0533751813619509
"P485v9"	0.451457809668456	0.143042111268715	0.133277178244063	0.34043459626155	0.144876517820482	0.0443449930983847	0.938684069904243	0.694674770631223	0.966068720990759	0.788684270397543	0.626375117051085	0.289188206101308	0.594281116135697	0.018998935675104
"P485v10"	0.171032982286222	0.109703822320148	-0.046667437323293	0.228197114357955	-0.00680652086836581	-0.112084519168621	0.282591435509471	-0.0149286457462788	0.334789903821899	0.336163208335656	0.167520479253762	0.266644069202375	0.135622745905584	0.0217992483761577
